0  0.009  0.018 -0.007 -0.000 -0.259  0.000
1  0.021  0.043 -0.007 -0.000 -0.259  0.031
2  0.034  0.069 -0.007 -0.000 -0.259  0.001
3  0.047  0.094 -0.007 -0.000 -0.259  0.000
4  0.057  0.115 -0.007 -0.000 -0.259  0.000
5  0.067  0.134 -0.007 -0.000 -0.259  0.000
6  0.074  0.148 -0.007 -0.000 -0.258  0.000
7  0.080  0.160 -0.007 -0.000 -0.257  0.217
8  0.085  0.170 -0.007 -0.000 -0.256  0.222
9  0.088  0.177 -0.007 -0.000 -0.255  0.105
10  0.091  0.182 -0.007  0.011 -0.252  0.552
11  0.093  0.187 -0.007  0.023 -0.249  0.568
12  0.095  0.190 -0.007  0.036 -0.245  1.126
13  0.096  0.192 -0.006  0.041 -0.240  1.138
14  0.097  0.194 -0.006  0.026 -0.234  1.358
15  0.098  0.196 -0.006  0.061 -0.226  2.188
16  0.098  0.197 -0.006  0.092 -0.214  3.231
17  0.098  0.197 -0.005  0.116 -0.199  3.931
18  0.099  0.198 -0.005  0.159 -0.179  5.271
19  0.099  0.198 -0.004  0.126 -0.160  5.126
20  0.108  0.163 -0.004  0.118 -0.142  4.096
21  0.121  0.113 -0.003  0.118 -0.123  5.071
22  0.134  0.060 -0.003  0.167 -0.101  6.016
23  0.147  0.010 -0.002  0.240 -0.075  7.048
24  0.157 -0.032 -0.001  0.205 -0.049  6.168
25  0.166 -0.068 -0.000  0.189 -0.025  6.176
26  0.174 -0.098  0.000  0.231 -0.000  6.779
27  0.180 -0.121  0.001  0.338  0.031  8.179
28  0.185 -0.140  0.002  0.331  0.067  8.869
29  0.188 -0.154  0.003  0.309  0.100  8.564
30  0.191 -0.166  0.004  0.307  0.128  6.942
31  0.193 -0.174  0.006  0.298  0.154  6.750
32  0.195 -0.181  0.007  0.330  0.182  6.886
33  0.196 -0.185  0.008  0.353  0.209  7.119
34  0.197 -0.189  0.010  0.337  0.234  6.734
35  0.198 -0.192  0.011  0.416  0.259  6.558
36  0.198 -0.194  0.013  0.401  0.281  5.528
37  0.198 -0.195  0.014  0.440  0.301  5.336
38  0.199 -0.196  0.016  0.462  0.320  5.057
39  0.199 -0.197  0.018  0.469  0.338  4.228
40  0.190 -0.180  0.020  0.530  0.351  3.786
41  0.178 -0.155  0.022  0.550  0.362  2.722
42  0.164 -0.129  0.024  0.561  0.370  1.797
43  0.152 -0.105  0.026  0.592  0.373  0.893
44  0.141 -0.083  0.029  0.541  0.377  1.283
45  0.132 -0.065  0.031  0.559  0.379 -0.049
46  0.125 -0.050  0.033  0.591  0.374 -2.073
47  0.119 -0.039  0.036  0.587  0.371 -0.621
48  0.114 -0.029  0.038  0.610  0.368 -0.551
49  0.111 -0.022  0.040  0.606  0.362 -1.665
50  0.108 -0.016  0.043  0.602  0.354 -2.269
51  0.106 -0.012  0.045  0.624  0.347 -2.207
52  0.104 -0.009  0.048  0.637  0.334 -3.758
53  0.103 -0.007  0.050  0.664  0.321 -2.772
54  0.102 -0.005  0.053  0.619  0.309 -3.161
55  0.101 -0.003  0.055  0.635  0.293 -4.487
56  0.101 -0.002  0.057  0.568  0.272 -5.629
57  0.101 -0.002  0.060  0.619  0.255 -3.937
58  0.100 -0.001  0.062  0.644  0.242 -3.426
59  0.100 -0.001  0.064  0.576  0.222 -5.782
60  0.073 -0.018  0.067  0.606  0.203 -4.962
61  0.035 -0.043  0.069  0.629  0.189 -3.461
62 -0.004 -0.070  0.072  0.599  0.172 -4.841
63 -0.041 -0.094  0.074  0.536  0.150 -6.156
64 -0.073 -0.116  0.076  0.536  0.126 -6.141
65 -0.101 -0.134  0.078  0.548  0.108 -5.321
66 -0.123 -0.149  0.080  0.509  0.088 -5.566
67 -0.141 -0.160  0.082  0.488  0.064 -6.247
68 -0.155 -0.170  0.084  0.559  0.046 -4.602
69 -0.166 -0.177  0.086  0.460  0.025 -5.981
70 -0.174 -0.183  0.087  0.303 -0.006 -9.155
71 -0.180 -0.187  0.088  0.177 -0.052 -12.297
72 -0.185 -0.190  0.088  0.046 -0.106 -13.469
73 -0.189 -0.192  0.088 -0.021 -0.164 -15.426
74 -0.192 -0.194  0.088 -0.081 -0.230 -16.713
75 -0.194 -0.196  0.087 -0.004 -0.289 -13.556
76 -0.195 -0.197  0.088  0.203 -0.325 -8.608
77 -0.196 -0.197  0.088  0.020 -0.366 -10.827
78 -0.197 -0.198  0.088 -0.162 -0.421 -14.560
79 -0.198 -0.198  0.087 -0.224 -0.488 -17.478
80 -0.171 -0.181  0.086 -0.345 -0.560 -18.802
81 -0.134 -0.156  0.084 -0.372 -0.637 -20.299
82 -0.094 -0.129  0.083 -0.441 -0.714 -20.280
83 -0.057 -0.105  0.081 -0.443 -0.791 -20.631
84 -0.025 -0.083  0.080 -0.250 -0.855 -14.808
85  0.001 -0.065  0.079 -0.251 -0.910 -13.649
86  0.023 -0.050  0.078 -0.341 -0.970 -15.986
87  0.041 -0.039  0.076 -0.375 -1.035 -16.851
88  0.055 -0.029  0.075 -0.390 -1.098 -16.070
89  0.066 -0.022  0.074 -0.266 -1.150 -12.666
90  0.074 -0.016  0.073 -0.288 -1.195 -11.682
91  0.080 -0.012  0.072 -0.306 -1.240 -11.617
92  0.085 -0.009  0.070 -0.283 -1.285 -11.109
93  0.089 -0.007  0.070 -0.217 -1.326 -10.302
94  0.092 -0.005  0.069 -0.195 -1.361 -8.938
95  0.094 -0.003  0.069 -0.023 -1.383 -3.879
96  0.095 -0.002  0.069  0.072 -1.389 -1.676
97  0.096 -0.002  0.069 -0.017 -1.400 -3.233
98  0.097 -0.001  0.069 -0.068 -1.418 -4.938
99  0.098 -0.001  0.068 -0.070 -1.435 -4.235
100  0.107  0.008  0.068 -0.049 -1.449 -3.470
101  0.120  0.021  0.068  0.063 -1.454 -0.792
102  0.134  0.034  0.068  0.031 -1.459 -1.112
103  0.146  0.046  0.069  0.027 -1.461 -0.599
104  0.157  0.057  0.069  0.023 -1.465 -0.570
105  0.166  0.066  0.069  0.046 -1.467 -0.569
106  0.174  0.074  0.069  0.032 -1.469 -0.569
107  0.180  0.080  0.069  0.046 -1.470 -0.132
108  0.184  0.085  0.069  0.047 -1.471 -0.002
109  0.188  0.088  0.070  0.049 -1.471 -0.000
110  0.191  0.091  0.070  0.047 -1.470  0.000
111  0.193  0.093  0.070  0.070 -1.469  0.488
112  0.195  0.095  0.071  0.093 -1.467  0.567
113  0.196  0.096  0.071  0.092 -1.464  0.569
114  0.197  0.097  0.071  0.109 -1.460  1.107
115  0.198  0.098  0.072  0.117 -1.455  1.137
116  0.198  0.098  0.072  0.144 -1.450  1.658
117  0.198  0.098  0.073  0.158 -1.443  1.644
118  0.199  0.099  0.074  0.184 -1.435  2.225
119  0.199  0.099  0.074  0.208 -1.426  2.623
120  0.163  0.099  0.075  0.227 -1.416  2.624
121  0.113  0.099  0.076  0.275 -1.404  2.829
122  0.060  0.099  0.078  0.298 -1.392  2.908
123  0.011  0.099  0.079  0.341 -1.377  3.692
124 -0.032  0.099  0.080  0.313 -1.362  3.782
125 -0.068  0.099  0.082  0.385 -1.347  3.929
126 -0.097  0.099  0.083  0.424 -1.328  4.541
127 -0.121  0.099  0.085  0.407 -1.311  5.206
128 -0.140  0.099  0.086  0.408 -1.291  5.124
129 -0.154  0.099  0.088  0.423 -1.271  5.642
130 -0.166  0.099  0.089  0.399 -1.251  5.382
131 -0.174  0.099  0.091  0.406 -1.230  5.572
132 -0.181  0.099  0.092  0.424 -1.206  6.748
133 -0.185  0.099  0.094  0.375 -1.184  5.302
134 -0.189  0.099  0.095  0.359 -1.161  6.559
135 -0.192  0.099  0.097  0.353 -1.132  7.718
136 -0.194  0.099  0.098  0.375 -1.105  6.481
137 -0.195  0.099  0.099  0.312 -1.081  6.335
138 -0.196  0.099  0.101  0.288 -1.057  6.263
139 -0.197  0.099  0.102  0.262 -1.030  7.187
140 -0.162  0.081  0.102  0.130 -1.000  7.457
141 -0.112  0.056  0.102  0.071 -0.974  6.507
142 -0.059  0.030  0.103  0.102 -0.954  4.937
143 -0.010  0.005  0.103  0.018 -0.935  4.781
144  0.032 -0.015  0.103 -0.102 -0.916  4.912
145  0.068 -0.034  0.102 -0.163 -0.897  4.544
146  0.098 -0.048  0.101 -0.143 -0.884  3.237
147  0.121 -0.060  0.101 -0.129 -0.875  2.514
148  0.140 -0.070  0.100 -0.159 -0.863  2.777
149  0.154 -0.077  0.100 -0.127 -0.846  4.660
150  0.166 -0.082  0.100  0.029 -0.821  6.507
151  0.174 -0.087  0.100 -0.004 -0.788  8.596
152  0.181 -0.090  0.100 -0.063 -0.759  6.720
153  0.185 -0.092  0.099 -0.065 -0.738  5.297
154  0.189 -0.094  0.099 -0.064 -0.718  4.638
155  0.192 -0.096  0.099 -0.032 -0.696  5.814
156  0.194 -0.097  0.099  0.044 -0.667  7.887
157  0.195 -0.097  0.099  0.026 -0.641  6.151
158  0.196 -0.098  0.099  0.004 -0.619  5.317
159  0.197 -0.098  0.099  0.029 -0.599  4.753
160  0.171 -0.108  0.099  0.061 -0.579  5.077
161  0.134 -0.121  0.100  0.106 -0.560  4.938
162  0.094 -0.134  0.100  0.073 -0.539  5.119
163  0.057 -0.146  0.100  0.098 -0.521  4.139
164  0.025 -0.157  0.101  0.085 -0.508  3.248
165 -0.001 -0.166  0.101  0.089 -0.497  2.416
166 -0.023 -0.174  0.102  0.136 -0.488  2.279
167 -0.041 -0.180  0.102  0.157 -0.478  2.443
168 -0.055 -0.185  0.103  0.144 -0.472  1.368
169 -0.066 -0.188  0.103  0.141 -0.468  0.788
170 -0.074 -0.191  0.104  0.140 -0.466  0.219
171 -0.080 -0.193  0.104  0.119 -0.468 -0.973
172 -0.085 -0.195  0.105  0.118 -0.478 -2.732
173 -0.089 -0.196  0.105  0.139 -0.488 -2.305
174 -0.092 -0.197  0.106  0.127 -0.501 -3.839
175 -0.094 -0.198  0.106  0.040 -0.524 -6.097
176 -0.095 -0.198  0.106 -0.007 -0.552 -7.547
177 -0.096 -0.198  0.106  0.058 -0.579 -6.446
178 -0.097 -0.199  0.107  0.101 -0.604 -6.659
179 -0.098 -0.199  0.107  0.065 -0.638 -8.881
180 -0.071 -0.181  0.107  0.007 -0.676 -9.591
181 -0.034 -0.156  0.107 -0.098 -0.716 -10.467
182  0.005 -0.130  0.106 -0.139 -0.768 -14.092
183  0.042 -0.105  0.106 -0.202 -0.829 -16.217
184  0.074 -0.083  0.105 -0.013 -0.876 -10.675
185  0.101 -0.065  0.105 -0.017 -0.920 -11.630
186  0.123 -0.050  0.105 -0.171 -0.981 -16.098
187  0.141 -0.039  0.104 -0.256 -1.047 -17.392
188  0.155 -0.029  0.103 -0.210 -1.119 -17.945
189  0.166 -0.022  0.103  0.078 -1.169 -10.710
190  0.174 -0.016  0.103  0.143 -1.201 -9.353
191  0.180 -0.012  0.104  0.072 -1.249 -12.824
192  0.185 -0.009  0.104  0.100 -1.300 -12.562
193  0.189 -0.007  0.105  0.149 -1.342 -9.881
194  0.192 -0.005  0.105  0.170 -1.384 -11.023
195  0.194 -0.003  0.106  0.142 -1.428 -11.159
196  0.195 -0.002  0.106  0.203 -1.471 -10.891
197  0.196 -0.002  0.107  0.175 -1.513 -10.696
198  0.197 -0.001  0.108  0.180 -1.555 -10.494
199  0.198 -0.001  0.109  0.252 -1.595 -10.582
200  0.189  0.017  0.110  0.302 -1.632 -9.598
201  0.177  0.042  0.111  0.284 -1.672 -10.006
202  0.164  0.069  0.112  0.369 -1.708 -8.946
203  0.152  0.094  0.114  0.432 -1.739 -8.058
204  0.141  0.115  0.115  0.357 -1.773 -9.365
205  0.132  0.133  0.117  0.392 -1.807 -8.827
206  0.125  0.148  0.119  0.407 -1.838 -7.705
207  0.119  0.160  0.120  0.421 -1.868 -7.963
208  0.114  0.170  0.122  0.442 -1.896 -7.481
209  0.111  0.177  0.124  0.463 -1.920 -6.300
210  0.108  0.182  0.125  0.429 -1.946 -6.750
211  0.106  0.187  0.127  0.474 -1.968 -5.570
212  0.104  0.190  0.129  0.515 -1.985 -4.291
213  0.103  0.192  0.131  0.592 -1.995 -1.987
214  0.102  0.194  0.134  0.654 -1.997 -0.186
215  0.101  0.196  0.136  0.643 -1.997 -0.223
216  0.101  0.197  0.139  0.623 -1.996  0.432
217  0.101  0.197  0.141  0.494 -1.998 -0.730
218  0.100  0.198  0.143  0.485 -2.003 -1.200
219  0.100  0.198  0.145  0.507 -2.004 -0.069
220  0.109  0.190  0.147  0.530 -2.000  0.544
221  0.121  0.177  0.149  0.571 -1.988  3.438
222  0.135  0.164  0.151  0.600 -1.971  4.410
223  0.147  0.152  0.154  0.597 -1.949  5.652
224  0.158  0.141  0.156  0.542 -1.926  6.199
225  0.167  0.132  0.158  0.526 -1.902  6.613
226  0.174  0.125  0.160  0.519 -1.872  7.865
227  0.180  0.119  0.162  0.510 -1.843  7.194
228  0.185  0.114  0.163  0.416 -1.820  5.876
229  0.188  0.111  0.165  0.425 -1.788  9.085
230  0.191  0.108  0.167  0.413 -1.754  8.706
231  0.193  0.106  0.168  0.447 -1.725  7.322
232  0.195  0.104  0.170  0.530 -1.685  10.923
233  0.196  0.103  0.173  0.623 -1.639  12.055
234  0.197  0.102  0.175  0.518 -1.593  10.906
235  0.198  0.101  0.177  0.436 -1.559  8.825
236  0.198  0.101  0.178  0.441 -1.521  10.368
237  0.198  0.101  0.180  0.434 -1.477  11.717
238  0.199  0.100  0.182  0.479 -1.437  9.876
239  0.199  0.100  0.184  0.499 -1.396  11.231
240  0.190  0.073  0.186  0.590 -1.348  12.728
241  0.178  0.035  0.188  0.626 -1.296  13.885
242  0.164 -0.004  0.190  0.442 -1.253  10.466
243  0.152 -0.041  0.192  0.471 -1.213  10.470
244  0.141 -0.073  0.194  0.469 -1.169  11.651
245  0.132 -0.101  0.196  0.549 -1.118  13.044
246  0.125 -0.123  0.198  0.576 -1.069  12.902
247  0.119 -0.141  0.200  0.483 -1.029  9.888
248  0.114 -0.155  0.202  0.537 -0.990  10.544
249  0.111 -0.166  0.204  0.493 -0.951  10.271
250  0.108 -0.174  0.206  0.501 -0.910  10.804
251  0.106 -0.180  0.208  0.513 -0.872  9.910
252  0.104 -0.185  0.210  0.496 -0.837  9.427
253  0.103 -0.189  0.211  0.490 -0.807  8.876
254  0.102 -0.192  0.213  0.494 -0.777  7.499
255  0.101 -0.194  0.215  0.459 -0.751  6.610
256  0.101 -0.195  0.217  0.502 -0.727  6.169
257  0.101 -0.196  0.219  0.498 -0.702  6.397
258  0.100 -0.197  0.221  0.469 -0.687  3.215
259  0.100 -0.198  0.223  0.472 -0.683  0.179
260  0.082 -0.180  0.224  0.449 -0.671  4.374
261  0.057 -0.155  0.227  0.522 -0.655  3.742
262  0.030 -0.129  0.228  0.495 -0.652  0.308
263  0.005 -0.105  0.230  0.501 -0.655 -0.792
264 -0.015 -0.083  0.232  0.497 -0.648  1.870
265 -0.034 -0.065  0.234  0.390 -0.651 -1.551
266 -0.048 -0.050  0.235  0.282 -0.667 -4.404
267 -0.060 -0.039  0.236  0.259 -0.690 -6.216
268 -0.070 -0.029  0.238  0.395 -0.702 -2.371
269 -0.077 -0.022  0.239  0.416 -0.711 -2.515
270 -0.082 -0.016  0.241  0.306 -0.730 -5.360
271 -0.087 -0.012  0.242  0.220 -0.757 -7.212
272 -0.090 -0.009  0.242  0.139 -0.790 -8.851
273 -0.092 -0.007  0.243  0.118 -0.826 -9.114
274 -0.094 -0.005  0.243  0.065 -0.864 -10.165
275 -0.096 -0.003  0.243  0.113 -0.901 -8.892
276 -0.097 -0.002  0.244  0.251 -0.921 -4.280
277 -0.097 -0.002  0.245  0.164 -0.943 -6.277
278 -0.098 -0.001  0.245  0.017 -0.978 -9.271
279 -0.098 -0.001  0.245 -0.107 -1.024 -11.594
280 -0.072 -0.009  0.244 -0.099 -1.071 -11.608
281 -0.034 -0.022  0.245  0.148 -1.094 -4.399
282  0.004 -0.035  0.245  0.156 -1.107 -3.609
283  0.041 -0.047  0.246  0.056 -1.127 -5.288
284  0.074 -0.058  0.246 -0.052 -1.153 -7.108
285  0.101 -0.067  0.245 -0.130 -1.187 -9.180
286  0.123 -0.074  0.244 -0.182 -1.224 -9.010
287  0.141 -0.080  0.244  0.008 -1.245 -4.360
288  0.155 -0.085  0.244  0.069 -1.258 -2.876
289  0.166 -0.088  0.244 -0.015 -1.273 -3.892
290  0.174 -0.091  0.244 -0.059 -1.293 -5.548
291  0.180 -0.093  0.244 -0.097 -1.318 -6.240
292  0.185 -0.095  0.244  0.021 -1.334 -3.318
293  0.189 -0.096  0.244  0.054 -1.343 -2.615
294  0.192 -0.097  0.244  0.043 -1.354 -2.360
295  0.194 -0.098  0.244  0.047 -1.365 -3.152
296  0.195 -0.098  0.245  0.067 -1.377 -2.859
297  0.196 -0.098  0.245  0.093 -1.388 -3.245
298  0.197 -0.099  0.245  0.091 -1.402 -3.411
299  0.198 -0.099  0.246  0.116 -1.416 -3.883
300  0.189 -0.072  0.246  0.134 -1.429 -3.443
301  0.177 -0.034  0.247  0.150 -1.442 -3.416
302  0.164  0.004  0.248  0.178 -1.457 -3.972
303  0.152  0.041  0.248  0.210 -1.473 -3.984
304  0.141  0.074  0.249  0.221 -1.490 -4.272
305  0.132  0.101  0.250  0.235 -1.507 -4.536
306  0.125  0.123  0.251  0.236 -1.523 -4.464
307  0.119  0.141  0.252  0.262 -1.541 -4.513
308  0.114  0.155  0.253  0.274 -1.559 -4.907
309  0.111  0.166  0.254  0.305 -1.578 -4.900
310  0.108  0.174  0.256  0.292 -1.596 -4.599
311  0.106  0.180  0.257  0.303 -1.613 -4.772
312  0.104  0.185  0.258  0.326 -1.630 -4.476
313  0.103  0.189  0.259  0.349 -1.644 -3.911
314  0.102  0.192  0.261  0.339 -1.659 -3.848
315  0.101  0.194  0.262  0.340 -1.671 -3.429
316  0.101  0.195  0.263  0.361 -1.681 -2.638
317  0.101  0.196  0.265  0.373 -1.688 -1.733
318  0.100  0.197  0.266  0.376 -1.693 -1.353
319  0.100  0.198  0.268  0.371 -1.698 -0.923
320  0.091  0.171  0.269  0.379 -1.699 -0.088
321  0.078  0.134  0.271  0.378 -1.697  0.217
322  0.065  0.094  0.272  0.402 -1.692  1.632
323  0.052  0.057  0.274  0.380 -1.685  2.225
324  0.042  0.025  0.275  0.401 -1.677  2.412
325  0.033 -0.001  0.277  0.418 -1.665  3.259
326  0.025 -0.023  0.279  0.411 -1.651  3.405
327  0.019 -0.041  0.280  0.400 -1.635  3.973
328  0.014 -0.055  0.282  0.441 -1.616  5.109
329  0.011 -0.066  0.283  0.415 -1.597  4.729
330  0.008 -0.074  0.285  0.398 -1.580  4.707
331  0.006 -0.080  0.287  0.419 -1.558  5.942
332  0.004 -0.085  0.288  0.409 -1.536  5.380
333  0.003 -0.089  0.290  0.392 -1.518  4.577
334  0.002 -0.092  0.291  0.401 -1.498  5.194
335  0.001 -0.094  0.293  0.381 -1.479  5.117
336  0.001 -0.095  0.294  0.358 -1.460  4.865
337  0.001 -0.096  0.296  0.357 -1.442  5.079
338  0.000 -0.097  0.297  0.341 -1.424  4.564
339  0.000 -0.098  0.298  0.303 -1.409  3.897
340  0.000 -0.071  0.299  0.265 -1.397  2.791
341  0.000 -0.034  0.300  0.245 -1.389  2.287
342  0.000  0.005  0.301  0.257 -1.379  2.796
343  0.000  0.042  0.302  0.259 -1.369  2.625
344  0.000  0.074  0.303  0.239 -1.359  2.461
345  0.000  0.101  0.304  0.236 -1.348  2.466
346  0.000  0.123  0.305  0.237 -1.338  3.057
347  0.000  0.141  0.306  0.234 -1.326  2.869
348  0.000  0.155  0.307  0.197 -1.316  2.428
349  0.000  0.166  0.307  0.108 -1.311  0.855
350  0.000  0.174  0.308  0.115 -1.306  1.543
351  0.000  0.180  0.308  0.125 -1.298  2.023
352  0.000  0.185  0.309  0.118 -1.289  2.708
353  0.000  0.189  0.309  0.141 -1.276  3.280
354  0.000  0.192  0.310  0.129 -1.263  3.412
355  0.000  0.194  0.310  0.098 -1.249  3.477
356  0.000  0.195  0.311  0.081 -1.235  3.581
357  0.000  0.196  0.311  0.085 -1.218  4.387
358  0.000  0.197  0.311  0.048 -1.201  4.550
359  0.000  0.198  0.311  0.042 -1.183  4.546
360 -0.017  0.198  0.311  0.043 -1.163  5.092
361 -0.043  0.199  0.311  0.046 -1.141  5.668
362 -0.069  0.199  0.312  0.000 -1.118  6.129
363 -0.094  0.199  0.311 -0.022 -1.092  6.173
364 -0.115  0.199  0.311 -0.041 -1.067  6.479
365 -0.134  0.199  0.311 -0.047 -1.039  7.170
366 -0.148  0.199  0.311 -0.065 -1.008  8.238
367 -0.160  0.199  0.311 -0.071 -0.975  8.532
368 -0.170  0.199  0.310 -0.114 -0.939  9.514
369 -0.177  0.199  0.310 -0.138 -0.900  10.161
370 -0.182  0.199  0.309 -0.156 -0.860  10.463
371 -0.187  0.199  0.309 -0.163 -0.820  10.745
372 -0.190  0.199  0.308 -0.197 -0.777  11.288
373 -0.192  0.199  0.307 -0.171 -0.730  12.129
374 -0.194  0.199  0.306 -0.229 -0.683  11.807
375 -0.196  0.199  0.305 -0.249 -0.635  12.281
376 -0.197  0.199  0.304 -0.281 -0.584  13.273
377 -0.197  0.199  0.303 -0.351 -0.530  14.180
378 -0.198  0.199  0.302 -0.412 -0.484  13.690
379 -0.198  0.199  0.300 -0.456 -0.430  13.845
380 -0.199  0.190  0.298 -0.451 -0.378  13.228
381 -0.199  0.178  0.297 -0.419 -0.324  14.172
382 -0.199  0.165  0.295 -0.278 -0.266  15.104
383 -0.199  0.152  0.294 -0.364 -0.208  15.096
384 -0.199  0.142  0.292 -0.474 -0.148  15.663
385 -0.199  0.132  0.290 -0.474 -0.092  14.752
386 -0.199  0.125  0.288 -0.558 -0.034  15.111
387 -0.199  0.119  0.286 -0.522  0.016  12.689
388 -0.199  0.114  0.285 -0.426  0.072  15.387
389 -0.199  0.111  0.283 -0.386  0.138  17.023
390 -0.199  0.108  0.281 -0.579  0.206  17.950
391 -0.199  0.106  0.278 -0.718  0.275  17.741
392 -0.199  0.104  0.276 -0.655  0.337  15.791
393 -0.199  0.103  0.273 -0.578  0.383  11.918
394 -0.199  0.102  0.271 -0.693  0.434  13.156
395 -0.199  0.101  0.268 -0.672  0.484  12.928
396 -0.199  0.101  0.266 -0.574  0.550  18.582
397 -0.199  0.101  0.264 -0.602  0.625  18.698
398 -0.199  0.100  0.262 -0.533  0.679  12.971
399 -0.199  0.100  0.259 -0.656  0.730  13.047
400 -0.199  0.100  0.256 -0.797  0.781  13.091
401 -0.199  0.100  0.253 -0.861  0.827  12.135
402 -0.199  0.100  0.250 -0.815  0.867  10.360
403 -0.199  0.100  0.247 -0.636  0.900  8.683
404 -0.199  0.100  0.246 -0.304  0.963  17.108
405 -0.199  0.100  0.244 -0.475  1.025  15.676
406 -0.199  0.100  0.241 -0.707  1.078  13.747
407 -0.199  0.100  0.238 -0.818  1.126  12.605
408 -0.199  0.100  0.236 -0.667  1.159  6.945
409 -0.199  0.100  0.233 -0.738  1.189  8.220
410 -0.199  0.100  0.230 -0.707  1.232  11.732
411 -0.199  0.100  0.228 -0.571  1.268  8.821
412 -0.199  0.100  0.225 -0.653  1.303  9.520
413 -0.199  0.100  0.222 -0.773  1.345  11.136
414 -0.199  0.100  0.220 -0.662  1.374  6.032
415 -0.199  0.100  0.217 -0.725  1.403  7.845
416 -0.199  0.100  0.214 -0.676  1.445  11.647
417 -0.199  0.100  0.212 -0.615  1.484  10.078
418 -0.199  0.100  0.209 -0.685  1.525  11.341
419 -0.199  0.100  0.207 -0.650  1.563  9.300
420 -0.163  0.082  0.204 -0.650  1.589  6.699
421 -0.113  0.056  0.201 -0.736  1.616  6.911
422 -0.060  0.030  0.198 -0.769  1.639  5.793
423 -0.011  0.005  0.195 -0.799  1.660  5.356
424  0.031 -0.015  0.192 -0.812  1.687  7.412
425  0.068 -0.034  0.190 -0.429  1.723  9.933
426  0.097 -0.048  0.188 -0.447  1.768  11.617
427  0.121 -0.060  0.186 -0.509  1.804  8.718
428  0.140 -0.070  0.184 -0.557  1.831  7.214
429  0.154 -0.077  0.182 -0.478  1.860  7.883
430  0.165 -0.082  0.181 -0.262  1.902  11.578
431  0.174 -0.087  0.180 -0.282  1.945  10.852
432  0.181 -0.090  0.179 -0.370  1.980  9.181
433  0.185 -0.092  0.177 -0.349  2.013  8.551
434  0.189 -0.094  0.176 -0.351  2.045  7.816
435  0.192 -0.096  0.175 -0.346  2.070  6.318
436  0.194 -0.097  0.174 -0.088  2.104  9.067
437  0.195 -0.097  0.174  0.007  2.146  11.005
438  0.196 -0.098  0.174  0.008  2.186  9.761
439  0.197 -0.098  0.174  0.000  2.222  8.797
440  0.180 -0.081  0.174 -0.042  2.248  5.883
441  0.155 -0.056  0.174  0.039  2.263  4.125
442  0.129 -0.029  0.175  0.170  2.286  6.122
443  0.105 -0.005  0.175  0.210  2.306  4.479
444  0.083  0.016  0.176  0.183  2.318  2.967
445  0.065  0.034  0.177  0.102  2.328  2.508
446  0.050  0.049  0.177  0.116  2.339  2.820
447  0.039  0.060  0.178  0.155  2.345  1.319
448  0.029  0.070  0.179  0.248  2.351  1.588
449  0.022  0.077  0.179  0.217  2.359  1.775
450  0.016  0.083  0.180  0.189  2.365  1.575
451  0.012  0.087  0.181  0.165  2.367 -0.060
452  0.009  0.090  0.181  0.165  2.365 -0.558
453  0.007  0.092  0.182  0.225  2.366 -0.030
454  0.005  0.094  0.183  0.217  2.365 -0.574
455  0.003  0.096  0.184  0.194  2.361 -1.026
456  0.002  0.097  0.185  0.208  2.354 -1.686
457  0.002  0.097  0.186  0.227  2.348 -1.270
458  0.001  0.098  0.187  0.263  2.343 -1.141
459  0.001  0.098  0.188  0.223  2.337 -1.575
460  0.009  0.099  0.189  0.226  2.331 -1.603
461  0.022  0.099  0.189  0.212  2.323 -2.244
462  0.035  0.099  0.190  0.212  2.313 -2.752
463  0.047  0.099  0.191  0.194  2.303 -3.179
464  0.058  0.099  0.192  0.200  2.294 -2.333
465  0.067  0.099  0.193  0.196  2.285 -2.277
466  0.074  0.099  0.194  0.193  2.277 -2.359
467  0.080  0.099  0.194  0.189  2.270 -1.873
468  0.085  0.099  0.195  0.184  2.262 -1.979
469  0.088  0.099  0.196  0.196  2.256 -1.720
470  0.091  0.099  0.197  0.149  2.249 -2.464
471  0.093  0.099  0.197  0.194  2.245 -1.015
472  0.095  0.099  0.198  0.193  2.242 -0.932
473  0.096  0.099  0.199  0.209  2.240 -0.588
474  0.097  0.099  0.200  0.219  2.240 -0.224
475  0.098  0.099  0.201  0.170  2.240 -0.023
476  0.098  0.099  0.201  0.187  2.240  0.127
477  0.098  0.099  0.202  0.185  2.241  0.449
478  0.099  0.099  0.203  0.209  2.245  0.982
479  0.099  0.099  0.204  0.211  2.250  1.623
480  0.081  0.108  0.204  0.212  2.255  1.486
481  0.056  0.121  0.205  0.203  2.261  1.619
482  0.030  0.134  0.206  0.221  2.268  2.060
483  0.005  0.147  0.207  0.217  2.277  2.272
484 -0.016  0.157  0.208  0.236  2.288  2.822
485 -0.034  0.167  0.209  0.245  2.301  3.334
486 -0.048  0.174  0.210  0.245  2.316  4.338
487 -0.060  0.180  0.211  0.214  2.331  3.960
488 -0.070  0.185  0.211  0.230  2.347  4.421
489 -0.077  0.188  0.212  0.236  2.365  4.836
490 -0.083  0.191  0.213  0.271  2.389  6.213
491 -0.087  0.193  0.214  0.200  2.410  5.159
492 -0.090  0.195  0.215  0.171  2.433  6.119
493 -0.092  0.196  0.216  0.188  2.461  7.198
494 -0.094  0.197  0.217  0.239  2.491  7.915
495 -0.096  0.198  0.217  0.251  2.526  9.219
496 -0.097  0.198  0.218  0.229  2.565  10.290
497 -0.097  0.198  0.219  0.127  2.602  8.852
498 -0.098  0.199  0.219  0.080  2.636  9.081
499 -0.098  0.199  0.219  0.014  2.682  12.450
500 -0.090  0.199  0.220  0.054  2.731  12.693
501 -0.077  0.199  0.220  0.024  2.773  10.816
502 -0.064  0.199  0.220 -0.029  2.822  12.830
503 -0.052  0.199  0.219 -0.106  2.874  15.370
504 -0.041  0.199  0.219 -0.069  2.941  16.516
505 -0.032  0.199  0.219 -0.020  2.991  12.749
506 -0.025  0.199  0.219 -0.077  3.043  13.879
507 -0.019  0.199  0.218 -0.064  3.105  16.148
508 -0.014  0.199  0.218 -0.187  3.170  16.360
509 -0.011  0.199  0.217 -0.167  3.231  15.575
510 -0.008  0.199  0.217 -0.159  3.294  16.215
511 -0.006  0.199  0.216 -0.106  3.357  15.118
512 -0.004  0.199  0.216 -0.119  3.416  15.260
513 -0.003  0.199  0.215 -0.141  3.483  17.741
514 -0.002  0.199  0.215 -0.040  3.551  17.852
515 -0.001  0.199  0.215 -0.105  3.613  15.616
516 -0.001  0.199  0.214 -0.133  3.674  15.932
517 -0.001  0.199  0.214 -0.113  3.743  18.326
518 -0.000  0.199  0.213 -0.150  3.820  19.043
519 -0.000  0.199  0.213 -0.102  3.895  17.838
520 -0.000  0.190  0.212 -0.126  3.959  16.232
521 -0.000  0.178  0.212 -0.162  4.027  17.277
522 -0.000  0.165  0.211 -0.092  4.099  18.137
523 -0.000  0.152  0.211 -0.060  4.170  18.368
524 -0.000  0.142  0.211 -0.074  4.245  18.291
525 -0.000  0.132  0.211 -0.042  4.318  17.888
526 -0.000  0.125  0.210 -0.108  4.388  17.598
527 -0.000  0.119  0.210 -0.058  4.458  17.992
528 -0.000  0.114  0.210 -0.047  4.527  18.508
529 -0.000  0.111  0.209 -0.037  4.595  17.828
530 -0.000  0.108  0.209 -0.024  4.664  17.770
531 -0.000  0.106  0.209 -0.057  4.731  17.649
532 -0.000  0.104  0.209 -0.057  4.800  18.083
533 -0.000  0.103  0.209 -0.000  4.868  17.291
534 -0.000  0.102  0.209 -0.053  4.931  16.142
535 -0.000  0.101  0.208 -0.079  4.993  15.094
536 -0.000  0.101  0.208 -0.108  5.054  15.516
537 -0.000  0.101  0.208 -0.129  5.112  14.789
538 -0.000  0.100  0.207 -0.141  5.166  13.436
539 -0.000  0.100  0.207  0.000  5.229  16.767
540  0.017  0.109  0.207  0.007  5.296  16.379
541  0.043  0.121  0.207 -0.045  5.354  14.684
542  0.069  0.135  0.207  0.029  5.415  16.295
543  0.094  0.147  0.207  0.056  5.478  16.187
544  0.115  0.158  0.207  0.042  5.533  13.808
545  0.134  0.167  0.207 -0.024  5.585  12.570
546  0.148  0.174  0.207 -0.068  5.630  11.420
547  0.160  0.180  0.207 -0.047  5.672  11.190
548  0.170  0.185  0.207 -0.010  5.716  11.278
549  0.177  0.188  0.207  0.148  5.771  14.932
550  0.182  0.191  0.208  0.094  5.826  13.494
551  0.187  0.193  0.208  0.125  5.878  12.918
552  0.190  0.195  0.209  0.153  5.933  14.099
553  0.192  0.196  0.209  0.210  5.988  13.914
554  0.194  0.197  0.210  0.210  6.044  14.381
555  0.196  0.198  0.211  0.243  6.096  13.478
556  0.197  0.198  0.212  0.280  6.147  13.001
557  0.197  0.198  0.213  0.246  6.194  12.450
558  0.198  0.199  0.214  0.259  6.243  12.419
559  0.198  0.199  0.215  0.257  6.289  12.269
560  0.163  0.190  0.216  0.304  6.338  12.499
561  0.113  0.178  0.217  0.306  6.383  11.713
562  0.060  0.164  0.219  0.346  6.430  12.130
563  0.010  0.152  0.220  0.382  6.477  11.858
564 -0.032  0.141  0.221  0.354  6.520  11.594
565 -0.068  0.132  0.223  0.362  6.564  11.042
566 -0.098  0.125  0.224  0.376  6.602  11.341
567 -0.121  0.119  0.225  0.371  6.645  10.946
568 -0.140  0.114  0.227  0.386  6.686  10.735
569 -0.154  0.111  0.228  0.380  6.727  10.813
570 -0.166  0.108  0.230  0.373  6.766  10.244
571 -0.174  0.106  0.231  0.354  6.805  10.394
572 -0.181  0.104  0.232  0.336  6.843  9.457
573 -0.185  0.103  0.234  0.352  6.880  9.853
574 -0.189  0.102  0.235  0.311  6.917  9.680
575 -0.192  0.101  0.236  0.204  6.953  9.197
576 -0.194  0.101  0.237  0.205  6.992  9.794
577 -0.195  0.101  0.237  0.238  7.029  9.458
578 -0.196  0.100  0.238  0.108  7.062  8.325
579 -0.197  0.100  0.238  0.027  7.093  7.456
580 -0.171  0.100  0.238 -0.023  7.121  7.043
581 -0.134  0.100  0.238 -0.143  7.150  7.443
582 -0.094  0.100  0.237 -0.244  7.175  6.154
583 -0.057  0.100  0.236 -0.261  7.193  4.256
584 -0.025  0.100  0.235 -0.260  7.206  2.894
585  0.001  0.100  0.234 -0.196  7.223  4.814
586  0.023  0.100  0.233 -0.123  7.261  10.338
587  0.041  0.100  0.233 -0.240  7.305  11.363
588  0.055  0.100  0.231 -0.326  7.348  10.737
589  0.066  0.100  0.230 -0.202  7.371  4.612
590  0.074  0.100  0.229 -0.288  7.391  5.369
591  0.080  0.100  0.228 -0.284  7.409  4.640
592  0.085  0.100  0.227 -0.253  7.434  6.760
593  0.089  0.100  0.227 -0.160  7.470  9.160
594  0.092  0.100  0.226 -0.133  7.506  9.432
595  0.094  0.100  0.226 -0.130  7.543  9.526
596  0.095  0.100  0.225 -0.098  7.580  8.967
597  0.096  0.100  0.225 -0.135  7.615  9.073
598  0.097  0.100  0.224 -0.141  7.652  9.929
599  0.098  0.100  0.224 -0.158  7.690  9.689
600  0.071  0.082  0.223 -0.148  7.726  9.626
601  0.034  0.056  0.222 -0.124  7.764  9.675
602 -0.005  0.030  0.222 -0.126  7.803  10.164
603 -0.042  0.005  0.222 -0.136  7.843  9.592
604 -0.074 -0.015  0.221 -0.123  7.881  9.957
605 -0.101 -0.034  0.221 -0.117  7.919  9.423
606 -0.123 -0.048  0.220 -0.099  7.956  9.693
607 -0.141 -0.060  0.220 -0.103  7.991  8.617
608 -0.155 -0.070  0.219 -0.097  8.025  8.103
609 -0.166 -0.077  0.219 -0.085  8.058  8.191
610 -0.174 -0.082  0.219 -0.085  8.087  7.434
611 -0.180 -0.087  0.218 -0.095  8.117  7.390
612 -0.185 -0.090  0.218 -0.112  8.146  7.419
613 -0.189 -0.092  0.217 -0.167  8.170  5.538
614 -0.192 -0.094  0.216 -0.261  8.184  2.960
615 -0.194 -0.096  0.215 -0.306  8.189  0.898
616 -0.195 -0.097  0.214 -0.330  8.192  0.795
617 -0.196 -0.097  0.213 -0.173  8.206  4.311
618 -0.197 -0.098  0.212 -0.173  8.226  4.887
619 -0.198 -0.098  0.212 -0.261  8.237  2.350
620 -0.198 -0.099  0.210 -0.357  8.237 -0.555
621 -0.199 -0.099  0.208 -0.457  8.226 -3.309
622 -0.199 -0.099  0.206 -0.540  8.207 -5.353
623 -0.199 -0.099  0.204 -0.439  8.193 -3.247
624 -0.199 -0.099  0.203 -0.372  8.188 -1.187
625 -0.199 -0.099  0.201 -0.437  8.178 -3.561
626 -0.199 -0.099  0.199 -0.548  8.158 -5.606
627 -0.199 -0.099  0.197 -0.607  8.130 -7.743
628 -0.199 -0.099  0.195 -0.522  8.111 -5.174
629 -0.199 -0.099  0.193 -0.525  8.092 -4.748
630 -0.199 -0.099  0.191 -0.619  8.065 -7.407
631 -0.199 -0.099  0.188 -0.672  8.033 -8.933
632 -0.199 -0.099  0.186 -0.577  8.002 -6.845
633 -0.199 -0.099  0.184 -0.426  7.989 -3.190
634 -0.199 -0.099  0.183 -0.425  7.976 -3.410
635 -0.199 -0.099  0.181 -0.455  7.963 -3.438
636 -0.199 -0.099  0.179 -0.587  7.940 -6.954
637 -0.199 -0.099  0.176 -0.673  7.907 -8.987
638 -0.199 -0.099  0.173 -0.718  7.868 -10.588
639 -0.199 -0.099  0.170 -0.734  7.827 -10.848
640 -0.181 -0.081  0.167 -0.754  7.784 -11.135
641 -0.156 -0.056  0.165 -0.377  7.768 -1.746
642 -0.130 -0.030  0.164 -0.428  7.762 -2.106
643 -0.105 -0.005  0.162 -0.564  7.741 -5.810
644 -0.084  0.015  0.159 -0.682  7.711 -8.068
645 -0.065  0.034  0.157 -0.687  7.674 -9.606
646 -0.051  0.048  0.154 -0.699  7.637 -9.963
647 -0.039  0.060  0.151 -0.557  7.606 -6.708
648 -0.029  0.070  0.150 -0.368  7.598 -1.287
649 -0.022  0.077  0.148 -0.456  7.586 -3.657
650 -0.017  0.082  0.146 -0.508  7.568 -5.017
651 -0.012  0.087  0.144 -0.525  7.545 -5.844
652 -0.009  0.090  0.142 -0.420  7.530 -3.336
653 -0.007  0.092  0.141 -0.448  7.516 -3.985
654 -0.005  0.094  0.139 -0.453  7.499 -4.523
655 -0.003  0.096  0.137 -0.426  7.486 -3.456
656 -0.002  0.097  0.135 -0.425  7.473 -3.416
657 -0.002  0.097  0.134 -0.386  7.462 -2.414
658 -0.001  0.098  0.132 -0.390  7.454 -2.196
659 -0.001  0.098  0.131 -0.416  7.442 -2.876
660 -0.009  0.099  0.129 -0.376  7.433 -2.107
661 -0.022  0.099  0.128 -0.292  7.428 -0.957
662 -0.035  0.099  0.127 -0.354  7.422 -1.887
663 -0.047  0.099  0.125 -0.342  7.415 -1.906
664 -0.058  0.099  0.124 -0.269  7.415  0.115
665 -0.067  0.099  0.123 -0.274  7.417  0.122
666 -0.074  0.099  0.122 -0.283  7.415 -0.193
667 -0.080  0.099  0.121 -0.250  7.418  0.974
668 -0.085  0.099  0.120 -0.267  7.420  0.222
669 -0.088  0.099  0.119 -0.283  7.420  0.190
670 -0.091  0.099  0.118 -0.286  7.424  0.916
671 -0.093  0.099  0.117 -0.184  7.434  2.943
672 -0.095  0.099  0.116 -0.188  7.447  3.405
673 -0.096  0.099  0.115 -0.177  7.458  2.898
674 -0.097  0.099  0.115 -0.229  7.472  3.050
675 -0.098  0.099  0.114 -0.225  7.482  2.729
676 -0.098  0.099  0.113 -0.221  7.495  3.736
677 -0.098  0.099  0.112 -0.212  7.511  3.978
678 -0.099  0.099  0.111 -0.188  7.529  4.523
679 -0.099  0.099  0.110 -0.210  7.549  5.067
680 -0.072  0.099  0.110 -0.200  7.567  4.716
681 -0.034  0.099  0.109 -0.233  7.586  4.557
682  0.004  0.099  0.108 -0.194  7.607  5.217
683  0.041  0.099  0.107 -0.179  7.631  6.171
684  0.074  0.099  0.107 -0.165  7.656  6.260
685  0.101  0.099  0.106 -0.180  7.679  5.805
686  0.123  0.099  0.105 -0.144  7.706  7.126
687  0.141  0.099  0.105 -0.135  7.736  7.445
688  0.155  0.099  0.104 -0.175  7.763  6.850
689  0.166  0.099  0.104 -0.143  7.791  7.693
690  0.174  0.099  0.103 -0.062  7.824  8.639
691  0.180  0.099  0.103 -0.060  7.855  8.957
692  0.185  0.099  0.103 -0.089  7.888  7.838
693  0.189  0.099  0.102 -0.067  7.922  9.029
694  0.192  0.099  0.102 -0.032  7.958  9.106
695  0.194  0.099  0.102  0.008  7.996  9.981
696  0.195  0.099  0.103  0.070  8.039  11.063
697  0.196  0.099  0.103  0.162  8.087  12.235
698  0.197  0.099  0.103  0.087  8.130  10.085
699  0.198  0.099  0.104  0.083  8.167  9.673
700  0.180  0.108  0.104  0.071  8.201  8.061
701  0.155  0.121  0.105  0.134  8.236  9.079
702  0.129  0.134  0.105  0.141  8.271  9.107
703  0.105  0.147  0.106  0.172  8.308  9.545
704  0.083  0.157  0.107  0.229  8.345  9.704
705  0.065  0.167  0.108  0.260  8.384  9.798
706  0.050  0.174  0.109  0.326  8.427  11.289
707  0.039  0.180  0.110  0.344  8.469  10.948
708  0.029  0.185  0.111  0.375  8.511  10.513
709  0.022  0.188  0.113  0.396  8.552  10.335
710  0.016  0.191  0.115  0.406  8.591  9.892
711  0.012  0.193  0.116  0.376  8.626  9.135
712  0.009  0.195  0.118  0.421  8.664  9.817
713  0.007  0.196  0.119  0.449  8.704  10.357
714  0.005  0.197  0.121  0.426  8.741  9.692
715  0.003  0.198  0.123  0.512  8.784  11.920
716  0.002  0.198  0.125  0.560  8.832  12.555
717  0.002  0.198  0.127  0.470  8.875  10.419
718  0.001  0.199  0.129  0.453  8.914  10.696
719  0.001  0.199  0.130  0.431  8.960  12.409
720  0.009  0.199  0.132  0.470  9.007  12.083
721  0.022  0.199  0.134  0.442  9.048  10.236
722  0.035  0.199  0.135  0.449  9.091  11.627
723  0.047  0.199  0.137  0.512  9.139  12.505
724  0.058  0.199  0.139  0.497  9.188  12.841
725  0.067  0.199  0.141  0.405  9.228  10.336
726  0.074  0.199  0.143  0.419  9.274  12.533
727  0.080  0.199  0.144  0.266  9.327  13.820
728  0.085  0.199  0.145  0.388  9.382  13.729
729  0.088  0.199  0.147  0.448  9.437  14.517
730  0.091  0.199  0.148  0.424  9.489  12.538
731  0.093  0.199  0.150  0.300  9.536  12.521
732  0.095  0.199  0.150  0.189  9.600  17.528
733  0.096  0.199  0.151  0.121  9.671  18.404
734  0.097  0.199  0.152  0.261  9.738  16.837
735  0.098  0.199  0.153  0.380  9.801  15.946
736  0.098  0.199  0.155  0.402  9.864  16.293
737  0.098  0.199  0.156  0.327  9.925  15.780
738  0.099  0.199  0.157  0.241  9.982  14.791
739  0.099  0.199  0.158  0.235  10.043  15.836
740  0.081  0.199  0.159  0.189  10.113  17.526
741  0.056  0.199  0.160  0.316  10.174  14.940
742  0.030  0.199  0.161  0.356  10.236  16.216
743  0.005  0.199  0.162  0.346  10.305  18.067
744 -0.016  0.199  0.163  0.282  10.366  14.702
745 -0.034  0.199  0.164  0.200  10.428  16.489
746 -0.048  0.199  0.165  0.203  10.500  19.054
747 -0.060  0.199  0.166  0.289  10.566  16.796
748 -0.070  0.199  0.167  0.234  10.623  14.340
749 -0.077  0.199  0.168  0.234  10.685  16.519
750 -0.083  0.199  0.169  0.180  10.757  18.852
751 -0.087  0.199  0.169  0.117  10.828  17.187
752 -0.090  0.199  0.170  0.203  10.889  15.302
753 -0.092  0.199  0.170  0.191  10.953  16.594
754 -0.094  0.199  0.171  0.116  11.015  18.198
755 -0.096  0.199  0.172  0.180  11.084  16.941
756 -0.097  0.199  0.172  0.148  11.146  15.971
757 -0.097  0.199  0.173  0.120  11.208  16.001
758 -0.098  0.199  0.173  0.019  11.273  16.709
759 -0.098  0.199  0.173 -0.064  11.346  18.358
760 -0.081  0.190  0.173  0.021  11.414  17.299
761 -0.056  0.178  0.173  0.018  11.479  17.081
762 -0.029  0.165  0.173  0.003  11.546  17.431
763 -0.005  0.152  0.173 -0.012  11.610  16.310
764  0.016  0.142  0.173 -0.033  11.672  15.997
765  0.034  0.132  0.172 -0.066  11.740  17.618
766  0.049  0.125  0.172 -0.093  11.808  16.882
767  0.060  0.119  0.172 -0.052  11.877  17.501
768  0.070  0.114  0.172 -0.053  11.941  16.002
769  0.077  0.111  0.171 -0.134  12.006  16.913
770  0.083  0.108  0.171 -0.142  12.071  16.243
771  0.087  0.106  0.170 -0.159  12.137  17.247
772  0.090  0.104  0.170 -0.144  12.199  15.763
773  0.092  0.103  0.169 -0.013  12.263  17.588
774  0.094  0.102  0.169 -0.056  12.332  17.244
775  0.096  0.101  0.169 -0.083  12.396  16.654
776  0.097  0.101  0.169 -0.020  12.460  16.947
777  0.097  0.101  0.169 -0.009  12.526  17.163
778  0.098  0.100  0.169 -0.005  12.592  17.515
779  0.098  0.100  0.169 -0.011  12.660  16.955
780  0.072  0.100  0.169  0.010  12.722  15.318
781  0.034  0.100  0.169  0.023  12.784  15.989
782 -0.004  0.100  0.169  0.051  12.844  14.930
783 -0.041  0.100  0.169  0.021  12.900  13.858
784 -0.074  0.100  0.169  0.044  12.956  14.459
785 -0.101  0.100  0.170  0.070  13.012  14.171
786 -0.123  0.100  0.170  0.070  13.067  14.169
787 -0.141  0.100  0.170  0.098  13.120  13.660
788 -0.155  0.100  0.171  0.085  13.174  13.799
789 -0.166  0.100  0.171  0.058  13.224  13.054
790 -0.174  0.100  0.171  0.081  13.273  12.791
791 -0.180  0.100  0.171  0.010  13.316  10.540
792 -0.185  0.100  0.171 -0.083  13.351  8.799
793 -0.189  0.100  0.170 -0.150  13.381  7.130
794 -0.192  0.100  0.170 -0.117  13.412  7.876
795 -0.194  0.100  0.170 -0.035  13.454  10.379
796 -0.195  0.100  0.169 -0.128  13.490  8.752
797 -0.196  0.100  0.169 -0.232  13.519  7.098
798 -0.197  0.100  0.168 -0.254  13.543  6.170
799 -0.198  0.100  0.166 -0.318  13.563  4.861
800 -0.189  0.082  0.165 -0.378  13.576  3.083
801 -0.177  0.056  0.163 -0.346  13.593  5.377
802 -0.164  0.030  0.162 -0.285  13.622  7.620
803 -0.152  0.005  0.161 -0.334  13.645  5.620
804 -0.141 -0.015  0.160 -0.302  13.665  5.568
805 -0.132 -0.034  0.159 -0.329  13.687  5.039
806 -0.125 -0.048  0.157 -0.397  13.705  4.430
807 -0.119 -0.060  0.155 -0.438  13.722  4.898
808 -0.114 -0.070  0.154 -0.358  13.741  4.569
809 -0.111 -0.077  0.152 -0.435  13.757  3.732
810 -0.108 -0.082  0.150 -0.548  13.763  0.931
811 -0.106 -0.087  0.148 -0.614  13.763 -0.399
812 -0.104 -0.090  0.145 -0.655  13.760 -1.440
813 -0.103 -0.092  0.142 -0.677  13.752 -2.409
814 -0.102 -0.094  0.140 -0.609  13.744 -1.669
815 -0.101 -0.096  0.139 -0.256  13.767  7.606
816 -0.101 -0.097  0.138 -0.292  13.793  7.613
817 -0.101 -0.097  0.136 -0.466  13.810  3.122
818 -0.100 -0.098  0.134 -0.584  13.810 -0.948
819 -0.100 -0.098  0.131 -0.632  13.801 -2.241
820 -0.082 -0.099  0.129 -0.653  13.788 -3.824
821 -0.057 -0.099  0.126 -0.666  13.771 -4.775
822 -0.030 -0.099  0.124 -0.655  13.752 -5.048
823 -0.005 -0.099  0.122 -0.346  13.755  2.446
824  0.015 -0.099  0.121 -0.253  13.772  4.157
825  0.034 -0.099  0.120 -0.338  13.780  1.366
826  0.048 -0.099  0.118 -0.412  13.777 -1.212
827  0.060 -0.099  0.116 -0.489  13.764 -4.240
828  0.070 -0.099  0.114 -0.504  13.743 -5.661
829  0.077 -0.099  0.113 -0.210  13.745  2.171
830  0.082 -0.099  0.112 -0.193  13.755  2.096
831  0.087 -0.099  0.111 -0.277  13.753 -1.450
832  0.090 -0.099  0.110 -0.336  13.743 -2.444
833  0.092 -0.099  0.109 -0.243  13.737 -1.240
834  0.094 -0.099  0.108 -0.195  13.731 -1.495
835  0.096 -0.099  0.108 -0.086  13.725 -1.266
836  0.097 -0.099  0.107 -0.121  13.718 -1.959
837  0.097 -0.099  0.107 -0.134  13.708 -3.029
838  0.098 -0.099  0.106 -0.141  13.694 -3.626
839  0.098 -0.099  0.106 -0.101  13.678 -3.977
840  0.072 -0.072  0.106 -0.051  13.663 -3.983
841  0.034 -0.035  0.105 -0.054  13.645 -4.515
842 -0.004  0.004  0.105 -0.047  13.628 -4.333
843 -0.041  0.041  0.105 -0.024  13.609 -4.905
844 -0.074  0.073  0.105 -0.012  13.587 -5.254
845 -0.101  0.101  0.105  0.005  13.563 -6.195
846 -0.123  0.123  0.105  0.000  13.538 -6.767
847 -0.141  0.141  0.105  0.022  13.513 -6.694
848 -0.155  0.155  0.105  0.021  13.487 -6.814
849 -0.166  0.166  0.105  0.049  13.460 -6.851
850 -0.174  0.174  0.106  0.032  13.433 -6.306
851 -0.180  0.180  0.106  0.046  13.406 -6.757
852 -0.185  0.185  0.106  0.031  13.380 -6.310
853 -0.189  0.189  0.106  0.034  13.355 -6.264
854 -0.192  0.192  0.106  0.041  13.330 -6.261
855 -0.194  0.194  0.106  0.029  13.307 -5.626
856 -0.195  0.195  0.107  0.013  13.285 -5.253
857 -0.196  0.196  0.106 -0.007  13.266 -4.720
858 -0.197  0.197  0.107  0.003  13.249 -4.006
859 -0.198  0.198  0.106 -0.040  13.235 -3.548
860 -0.198  0.180  0.106 -0.047  13.222 -3.197
861 -0.199  0.155  0.106 -0.084  13.211 -2.499
862 -0.199  0.129  0.105 -0.124  13.203 -1.707
863 -0.199  0.105  0.105 -0.161  13.199 -0.932
864 -0.199  0.083  0.104 -0.187  13.198 -0.057
865 -0.199  0.065  0.103 -0.188  13.202  1.360
866 -0.199  0.050  0.102 -0.233  13.214  3.309
867 -0.199  0.039  0.101 -0.296  13.230  4.703
868 -0.199  0.029  0.100 -0.393  13.255  7.066
869 -0.199  0.022  0.098 -0.480  13.286  8.431
870 -0.199  0.016  0.096 -0.523  13.319  8.807
871 -0.199  0.012  0.094 -0.562  13.354  9.101
872 -0.199  0.009  0.092 -0.523  13.383  6.955
873 -0.199  0.007  0.090 -0.433  13.402  4.635
874 -0.199  0.005  0.088 -0.449  13.421  5.406
875 -0.199  0.003  0.086 -0.555  13.443  5.686
876 -0.199  0.002  0.084 -0.670  13.470  7.122
877 -0.199  0.002  0.081 -0.667  13.497  6.602
878 -0.199  0.001  0.079 -0.662  13.523  6.891
879 -0.199  0.001  0.077 -0.530  13.543  5.361
880 -0.172 -0.008  0.075 -0.472  13.562  4.564
881 -0.135 -0.021  0.073 -0.577  13.582  5.193
882 -0.095 -0.034  0.071 -0.574  13.595  3.390
883 -0.058 -0.046  0.068 -0.699  13.609  3.904
884 -0.026 -0.057  0.065 -0.769  13.623  3.581
885  0.001 -0.066  0.062 -0.644  13.633  2.152
886  0.023 -0.074  0.060 -0.474  13.650  5.301
887  0.041 -0.080  0.058 -0.557  13.670  4.974
888  0.055 -0.085  0.055 -0.636  13.685  3.938
889  0.066 -0.088  0.053 -0.573  13.694  1.918
890  0.074 -0.091  0.051 -0.526  13.704  2.908
891  0.080 -0.093  0.049 -0.474  13.718  3.455
892  0.085 -0.095  0.047 -0.526  13.732  3.635
893  0.089 -0.096  0.045 -0.497  13.746  3.977
894  0.092 -0.097  0.043 -0.461  13.758  2.887
895  0.094 -0.098  0.042 -0.458  13.768  2.765
896  0.095 -0.098  0.040 -0.446  13.776  2.324
897  0.096 -0.098  0.038 -0.394  13.783  1.453
898  0.097 -0.099  0.037 -0.356  13.787  0.909
899  0.098 -0.099  0.036 -0.298  13.786 -0.513
900  0.089 -0.099  0.034 -0.289  13.783 -1.024
901  0.077 -0.099  0.033 -0.260  13.777 -1.656
902  0.064 -0.099  0.032 -0.231  13.769 -1.897
903  0.052 -0.099  0.032 -0.229  13.762 -1.711
904  0.041 -0.099  0.031 -0.141  13.750 -3.216
905  0.032 -0.099  0.031 -0.061  13.730 -5.484
906  0.025 -0.099  0.031 -0.004  13.704 -6.953
907  0.019 -0.099  0.031  0.032  13.674 -7.911
908  0.014 -0.099  0.031  0.046  13.642 -8.029
909  0.011 -0.099  0.031  0.040  13.611 -7.699
910  0.008 -0.099  0.031 -0.064  13.591 -4.371
911  0.006 -0.099  0.030 -0.116  13.580 -2.831
912  0.004 -0.099  0.030 -0.096  13.566 -3.384
913  0.003 -0.099  0.030 -0.031  13.547 -4.950
914  0.002 -0.099  0.030 -0.015  13.527 -5.277
915  0.001 -0.099  0.030 -0.023  13.506 -4.907
916  0.001 -0.099  0.030 -0.027  13.487 -4.921
917  0.001 -0.099  0.029 -0.038  13.469 -3.955
918  0.000 -0.099  0.029 -0.017  13.453 -4.402
919  0.000 -0.099  0.029  0.014  13.435 -4.904
920  0.000 -0.072  0.030  0.044  13.415 -5.007
921  0.000 -0.035  0.030  0.069  13.392 -6.094
922  0.000  0.004  0.030  0.050  13.369 -5.718
923  0.000  0.041  0.030  0.062  13.348 -5.331
924  0.000  0.073  0.031  0.101  13.325 -5.866
925  0.000  0.101  0.031  0.094  13.302 -5.716
926  0.000  0.123  0.031  0.115  13.278 -6.206
927  0.000  0.141  0.032  0.150  13.254 -6.208
928  0.000  0.155  0.032  0.139  13.232 -5.235
929  0.000  0.166  0.033  0.152  13.209 -5.682
930  0.000  0.174  0.034  0.165  13.189 -5.154
931  0.000  0.180  0.034  0.188  13.168 -5.642
932  0.000  0.185  0.035  0.188  13.149 -4.750
933  0.000  0.189  0.036  0.211  13.132 -4.097
934  0.000  0.192  0.037  0.212  13.117 -3.988
935  0.000  0.194  0.038  0.212  13.103 -3.465
936  0.000  0.195  0.038  0.230  13.092 -2.563
937  0.000  0.196  0.039  0.236  13.084 -1.462
938  0.000  0.197  0.040  0.227  13.079 -1.535
939  0.000  0.198  0.041  0.217  13.073 -1.431
940 -0.008  0.171  0.042  0.230  13.071 -0.124
941 -0.021  0.134  0.043  0.264  13.075  1.024
942 -0.034  0.094  0.044  0.280  13.083  2.643
943 -0.047  0.057  0.045  0.342  13.100  4.812
944 -0.057  0.025  0.047  0.321  13.125  6.868
945 -0.067 -0.001  0.047  0.204  13.146  5.022
946 -0.074 -0.023  0.048  0.166  13.161  3.870
947 -0.080 -0.041  0.049  0.206  13.183  5.954
948 -0.085 -0.055  0.050  0.223  13.207  6.474
949 -0.088 -0.066  0.050  0.182  13.231  6.065
950 -0.091 -0.074  0.051  0.143  13.251  5.149
951 -0.093 -0.080  0.051  0.118  13.272  4.769
952 -0.095 -0.085  0.052 -0.001  13.286  2.943
953 -0.096 -0.089  0.051 -0.022  13.295  2.073
954 -0.097 -0.092  0.051 -0.055  13.305  2.294
955 -0.098 -0.094  0.051 -0.085  13.311  1.288
956 -0.098 -0.095  0.051 -0.117  13.317  1.479
957 -0.098 -0.096  0.050 -0.125  13.321  1.146
958 -0.099 -0.097  0.050 -0.112  13.329  2.345
959 -0.099 -0.098  0.049 -0.094  13.341  2.836
960 -0.090 -0.089  0.049 -0.135  13.350  2.328
961 -0.078 -0.077  0.048 -0.167  13.358  1.923
962 -0.064 -0.064  0.047 -0.210  13.362  0.820
963 -0.052 -0.052  0.046 -0.239  13.365  0.582
964 -0.041 -0.041  0.045 -0.267  13.364 -0.226
965 -0.032 -0.032  0.044 -0.210  13.368  1.426
966 -0.025 -0.025  0.044 -0.222  13.373  0.845
967 -0.019 -0.019  0.042 -0.299  13.373 -0.470
968 -0.014 -0.014  0.041 -0.348  13.368 -1.813
969 -0.011 -0.011  0.040 -0.348  13.361 -1.728
970 -0.008 -0.008  0.038 -0.330  13.356 -0.865
971 -0.006 -0.006  0.037 -0.228  13.359  1.564
972 -0.004 -0.004  0.036 -0.233  13.366  1.419
973 -0.003 -0.003  0.035 -0.257  13.369  0.826
974 -0.002 -0.002  0.034 -0.231  13.374  1.144
975 -0.001 -0.001  0.034 -0.227  13.378  1.274
976 -0.001 -0.001  0.033 -0.212  13.383  0.787
977 -0.001 -0.001  0.032 -0.234  13.388  1.131
978 -0.000 -0.000  0.031 -0.230  13.391  0.651
979 -0.000 -0.000  0.030 -0.235  13.394  1.108
980 -0.018 -0.018  0.029 -0.214  13.396  0.586
981 -0.043 -0.043  0.028 -0.212  13.397  0.497
982 -0.069 -0.069  0.027 -0.208  13.399  0.485
983 -0.094 -0.094  0.026 -0.212  13.401  0.079
984 -0.116 -0.116  0.026 -0.205  13.401  0.437
985 -0.134 -0.134  0.025 -0.195  13.402  0.059
986 -0.149 -0.148  0.024 -0.196  13.403  0.331
987 -0.160 -0.160  0.023 -0.187  13.401 -0.550
988 -0.170 -0.170  0.023 -0.189  13.400 -0.332
989 -0.177 -0.177  0.022 -0.209  13.397 -1.002
990 -0.183 -0.183  0.021 -0.253  13.388 -2.478
991 -0.187 -0.187  0.020 -0.259  13.379 -2.786
992 -0.190 -0.190  0.019 -0.216  13.369 -2.002
993 -0.192 -0.192  0.018 -0.231  13.361 -1.933
994 -0.194 -0.194  0.017 -0.272  13.348 -3.808
995 -0.196 -0.196  0.016 -0.368  13.327 -5.902
996 -0.197 -0.197  0.014 -0.424  13.297 -8.679
997 -0.197 -0.197  0.012 -0.364  13.268 -6.527
998 -0.198 -0.198  0.011 -0.277  13.249 -4.820
999 -0.198 -0.198  0.010 -0.363  13.221 -7.575
1000 -0.190 -0.199  0.008 -0.504  13.180 -11.601
1001 -0.177 -0.199  0.006 -0.583  13.131 -13.212
1002 -0.164 -0.199  0.004 -0.522  13.079 -12.836
1003 -0.152 -0.199  0.002 -0.429  13.039 -10.351
1004 -0.141 -0.199  0.001 -0.421  13.004 -10.248
1005 -0.132 -0.199 -0.000 -0.445  12.961 -11.691
1006 -0.125 -0.199 -0.002 -0.515  12.912 -13.177
1007 -0.119 -0.199 -0.004 -0.558  12.858 -14.931
1008 -0.114 -0.199 -0.006 -0.624  12.795 -16.784
1009 -0.111 -0.199 -0.009 -0.659  12.728 -17.591
1010 -0.108 -0.199 -0.011 -0.488  12.668 -13.956
1011 -0.106 -0.199 -0.012 -0.210  12.637 -7.312
1012 -0.104 -0.199 -0.013 -0.370  12.596 -11.294
1013 -0.103 -0.199 -0.015 -0.530  12.541 -14.653
1014 -0.102 -0.199 -0.017 -0.564  12.477 -16.811
1015 -0.101 -0.199 -0.020 -0.578  12.409 -17.976
1016 -0.101 -0.199 -0.022 -0.565  12.340 -17.335
1017 -0.101 -0.199 -0.023 -0.206  12.298 -8.807
1018 -0.100 -0.199 -0.024 -0.329  12.252 -12.393
1019 -0.100 -0.199 -0.026 -0.445  12.192 -16.017
1020 -0.091 -0.181 -0.028 -0.506  12.128 -17.047
1021 -0.078 -0.156 -0.030 -0.526  12.058 -18.457
1022 -0.065 -0.130 -0.031 -0.481  11.990 -17.378
1023 -0.052 -0.105 -0.032 -0.184  11.945 -9.659
1024 -0.042 -0.084 -0.033 -0.352  11.893 -13.384
1025 -0.033 -0.065 -0.035 -0.427  11.830 -16.203
1026 -0.025 -0.051 -0.037 -0.428  11.763 -17.605
1027 -0.019 -0.039 -0.038 -0.456  11.694 -17.969
1028 -0.014 -0.029 -0.040 -0.448  11.621 -18.763
1029 -0.011 -0.022 -0.041 -0.311  11.560 -14.167
1030 -0.008 -0.017 -0.042 -0.182  11.513 -12.030
1031 -0.006 -0.012 -0.043 -0.295  11.458 -14.496
1032 -0.004 -0.009 -0.044 -0.300  11.400 -15.224
1033 -0.003 -0.007 -0.046 -0.305  11.342 -15.297
1034 -0.002 -0.005 -0.047 -0.267  11.285 -14.878
1035 -0.001 -0.003 -0.048 -0.224  11.234 -12.559
1036 -0.001 -0.002 -0.048 -0.144  11.192 -10.731
1037 -0.001 -0.002 -0.049 -0.164  11.150 -11.251
1038 -0.000 -0.001 -0.049 -0.194  11.109 -10.285
1039 -0.000 -0.001 -0.050 -0.176  11.069 -10.384
1040 -0.018 -0.018 -0.051 -0.151  11.027 -10.637
1041 -0.043 -0.043 -0.051 -0.173  10.988 -9.461
1042 -0.069 -0.070 -0.052 -0.122  10.954 -8.406
1043 -0.094 -0.094 -0.052 -0.123  10.920 -8.668
1044 -0.116 -0.116 -0.053 -0.143  10.883 -9.223
1045 -0.134 -0.134 -0.053 -0.145  10.850 -7.697
1046 -0.149 -0.149 -0.054 -0.095  10.819 -7.707
1047 -0.160 -0.160 -0.054 -0.130  10.788 -7.963
1048 -0.170 -0.170 -0.055 -0.155  10.758 -7.748
1049 -0.177 -0.177 -0.056 -0.142  10.728 -7.955
1050 -0.183 -0.183 -0.056 -0.161  10.699 -7.412
1051 -0.187 -0.187 -0.057 -0.170  10.670 -7.552
1052 -0.190 -0.190 -0.058 -0.208  10.638 -8.441
1053 -0.192 -0.192 -0.058 -0.252  10.606 -8.517
1054 -0.194 -0.194 -0.059 -0.214  10.577 -7.009
1055 -0.196 -0.196 -0.060 -0.189  10.552 -6.833
1056 -0.197 -0.197 -0.061 -0.252  10.524 -7.266
1057 -0.197 -0.197 -0.062 -0.296  10.495 -7.915
1058 -0.198 -0.198 -0.063 -0.326  10.464 -7.969
1059 -0.198 -0.198 -0.064 -0.308  10.435 -7.430
1060 -0.172 -0.199 -0.066 -0.329  10.406 -7.837
1061 -0.134 -0.199 -0.067 -0.398  10.373 -8.517
1062 -0.095 -0.199 -0.069 -0.397  10.340 -8.538
1063 -0.058 -0.199 -0.070 -0.477  10.303 -10.358
1064 -0.025 -0.199 -0.073 -0.569  10.256 -12.319
1065  0.001 -0.199 -0.075 -0.611  10.207 -13.058
1066  0.023 -0.199 -0.077 -0.407  10.168 -8.499
1067  0.041 -0.199 -0.078 -0.363  10.143 -7.409
1068  0.055 -0.199 -0.080 -0.467  10.107 -9.877
1069  0.066 -0.199 -0.081 -0.481  10.067 -10.246
1070  0.074 -0.199 -0.083 -0.481  10.025 -11.157
1071  0.080 -0.199 -0.085 -0.360  9.989 -8.575
1072  0.085 -0.199 -0.086 -0.354  9.954 -9.331
1073  0.089 -0.199 -0.087 -0.348  9.917 -9.450
1074  0.092 -0.199 -0.089 -0.336  9.881 -9.218
1075  0.094 -0.199 -0.090 -0.334  9.843 -9.879
1076  0.095 -0.199 -0.091 -0.352  9.801 -11.548
1077  0.096 -0.199 -0.093 -0.367  9.753 -12.815
1078  0.097 -0.199 -0.094 -0.303  9.706 -11.747
1079  0.098 -0.199 -0.095 -0.267  9.664 -11.252
1080  0.080 -0.172 -0.096 -0.238  9.617 -12.390
1081  0.055 -0.135 -0.097 -0.222  9.567 -12.294
1082  0.029 -0.095 -0.098 -0.234  9.520 -12.428
1083  0.005 -0.058 -0.098 -0.168  9.467 -13.852
1084 -0.016 -0.026 -0.099 -0.120  9.413 -13.723
1085 -0.034  0.001 -0.099 -0.132  9.360 -13.404
1086 -0.049  0.023 -0.100 -0.114  9.308 -13.220
1087 -0.060  0.041 -0.100 -0.058  9.257 -12.732
1088 -0.070  0.055 -0.100 -0.061  9.205 -13.421
1089 -0.077  0.066 -0.100 -0.044  9.154 -12.681
1090 -0.083  0.074 -0.101 -0.047  9.106 -12.361
1091 -0.087  0.080 -0.101 -0.032  9.055 -13.070
1092 -0.090  0.085 -0.101 -0.002  9.008 -11.697
1093 -0.092  0.089 -0.101  0.023  8.963 -11.422
1094 -0.094  0.092 -0.100  0.026  8.916 -12.120
1095 -0.096  0.094 -0.100  0.029  8.870 -11.792
1096 -0.097  0.095 -0.100  0.043  8.827 -10.538
1097 -0.097  0.096 -0.100  0.077  8.788 -9.975
1098 -0.098  0.097 -0.100  0.005  8.750 -9.190
1099 -0.098  0.098 -0.100  0.056  8.713 -9.389
1100 -0.099  0.089 -0.099  0.077  8.680 -8.023
1101 -0.099  0.077 -0.099  0.133  8.654 -5.904
1102 -0.099  0.064 -0.099  0.015  8.628 -6.753
1103 -0.099  0.052 -0.099  0.035  8.605 -5.725
1104 -0.099  0.041 -0.099  0.004  8.583 -5.204
1105 -0.099  0.032 -0.099  0.022  8.564 -4.905
1106 -0.099  0.025 -0.098  0.042  8.550 -3.046
1107 -0.099  0.019 -0.098  0.002  8.540 -2.362
1108 -0.099  0.014 -0.098 -0.001  8.529 -2.609
1109 -0.099  0.011 -0.099 -0.067  8.522 -1.763
1110 -0.099  0.008 -0.099 -0.056  8.518 -1.152
1111 -0.099  0.006 -0.099 -0.040  8.513 -1.177
1112 -0.099  0.004 -0.099 -0.076  8.510 -0.919
1113 -0.099  0.003 -0.100 -0.093  8.509 -0.076
1114 -0.099  0.002 -0.100 -0.113  8.511  0.536
1115 -0.099  0.001 -0.101 -0.140  8.515  1.108
1116 -0.099  0.001 -0.101 -0.141  8.522  2.176
1117 -0.099  0.001 -0.102 -0.120  8.532  2.712
1118 -0.099  0.000 -0.102 -0.172  8.543  3.062
1119 -0.099  0.000 -0.103 -0.210  8.556  3.514
1120 -0.099  0.009 -0.104 -0.212  8.569  3.398
1121 -0.099  0.021 -0.105 -0.234  8.584  3.598
1122 -0.099  0.035 -0.106 -0.231  8.599  3.970
1123 -0.099  0.047 -0.107 -0.257  8.618  5.060
1124 -0.099  0.058 -0.108 -0.259  8.636  5.120
1125 -0.099  0.067 -0.109 -0.300  8.657  5.123
1126 -0.099  0.074 -0.110 -0.306  8.680  5.893
1127 -0.099  0.080 -0.111 -0.307  8.702  5.892
1128 -0.099  0.085 -0.112 -0.306  8.724  5.696
1129 -0.099  0.088 -0.113 -0.328  8.744  5.703
1130 -0.099  0.091 -0.115 -0.348  8.766  5.674
1131 -0.099  0.093 -0.116 -0.368  8.791  6.768
1132 -0.099  0.095 -0.118 -0.334  8.817  6.891
1133 -0.099  0.096 -0.119 -0.399  8.845  7.382
1134 -0.099  0.097 -0.121 -0.401  8.874  7.399
1135 -0.099  0.098 -0.122 -0.398  8.903  7.619
1136 -0.099  0.098 -0.124 -0.419  8.932  7.442
1137 -0.099  0.098 -0.125 -0.393  8.962  7.899
1138 -0.099  0.099 -0.127 -0.424  8.993  8.049
1139 -0.099  0.099 -0.129 -0.414  9.023  7.450
1140 -0.072  0.090 -0.130 -0.447  9.052  7.470
1141 -0.035  0.078 -0.132 -0.448  9.081  7.470
1142  0.004  0.064 -0.134 -0.430  9.112  7.939
1143  0.041  0.052 -0.135 -0.425  9.145  8.562
1144  0.073  0.041 -0.137 -0.424  9.181  9.516
1145  0.101  0.032 -0.138 -0.378  9.219  10.155
1146  0.123  0.025 -0.140 -0.400  9.256  8.914
1147  0.141  0.019 -0.141 -0.381  9.291  9.098
1148  0.155  0.014 -0.143 -0.374  9.328  9.665
1149  0.166  0.011 -0.144 -0.357  9.364  9.126
1150  0.174  0.008 -0.146 -0.353  9.401  9.614
1151  0.180  0.006 -0.147 -0.334  9.437  9.355
1152  0.185  0.004 -0.148 -0.308  9.472  8.968
1153  0.189  0.003 -0.149 -0.278  9.505  8.317
1154  0.192  0.002 -0.150 -0.268  9.538  7.961
1155  0.194  0.001 -0.151 -0.241  9.569  8.088
1156  0.195  0.001 -0.152 -0.204  9.599  7.433
1157  0.196  0.001 -0.153 -0.174  9.629  7.400
1158  0.197  0.000 -0.153 -0.108  9.657  7.046
1159  0.198  0.000 -0.153 -0.094  9.683  6.397
1160  0.171  0.009 -0.154 -0.049  9.707  5.926
1161  0.134  0.021 -0.154 -0.008  9.732  6.117
1162  0.094  0.035 -0.154  0.043  9.754  5.698
1163  0.057  0.047 -0.153  0.118  9.772  4.595
1164  0.025  0.058 -0.153  0.163  9.788  3.680
1165 -0.001  0.067 -0.152  0.201  9.802  3.774
1166 -0.023  0.074 -0.151  0.212  9.816  3.910
1167 -0.041  0.080 -0.150  0.232  9.832  3.984
1168 -0.055  0.085 -0.149  0.237  9.847  3.984
1169 -0.066  0.088 -0.148  0.274  9.862  3.850
1170 -0.074  0.091 -0.147  0.275  9.877  3.904
1171 -0.080  0.093 -0.146  0.293  9.893  4.084
1172 -0.085  0.095 -0.145  0.303  9.908  3.986
1173 -0.089  0.096 -0.144  0.304  9.923  3.559
1174 -0.092  0.097 -0.142  0.300  9.936  3.520
1175 -0.094  0.098 -0.141  0.305  9.950  3.552
1176 -0.095  0.098 -0.140  0.307  9.963  3.772
1177 -0.096  0.098 -0.139  0.303  9.975  3.083
1178 -0.097  0.099 -0.138  0.320  9.985  2.363
1179 -0.098  0.099 -0.136  0.330  9.996  2.943
1180 -0.107  0.108 -0.135  0.315  10.008  3.182
1181 -0.120  0.121 -0.134  0.283  10.018  2.498
1182 -0.134  0.134 -0.133  0.222  10.026  1.927
1183 -0.146  0.147 -0.132  0.228  10.031  1.306
1184 -0.157  0.157 -0.131  0.252  10.041  3.022
1185 -0.166  0.166 -0.130  0.238  10.052  2.369
1186 -0.174  0.174 -0.129  0.201  10.064  3.257
1187 -0.180  0.180 -0.129  0.148  10.079  3.634
1188 -0.184  0.185 -0.128  0.141  10.089  2.412
1189 -0.188  0.188 -0.128  0.096  10.100  2.767
1190 -0.191  0.191 -0.127  0.085  10.112  2.844
1191 -0.193  0.193 -0.127  0.010  10.124  3.366
1192 -0.195  0.195 -0.127  0.015  10.139  4.422
1193 -0.196  0.196 -0.127  0.015  10.158  4.881
1194 -0.197  0.197 -0.128 -0.126  10.178  5.119
1195 -0.198  0.198 -0.128 -0.202  10.196  4.115
1196 -0.198  0.198 -0.129 -0.236  10.210  3.448
1197 -0.198  0.198 -0.130 -0.332  10.228  4.735
1198 -0.199  0.199 -0.132 -0.368  10.246  4.693
1199 -0.199  0.199 -0.133 -0.359  10.268  6.089
1200 -0.199  0.163 -0.134 -0.215  10.298  7.823
1201 -0.199  0.113 -0.135 -0.249  10.330  8.422
1202 -0.199  0.060 -0.136 -0.378  10.366  9.305
1203 -0.199  0.011 -0.138 -0.437  10.403  9.802
1204 -0.199 -0.032 -0.140 -0.443  10.440  9.544
1205 -0.199 -0.068 -0.142 -0.425  10.474  9.116
1206 -0.199 -0.097 -0.143 -0.446  10.510  9.626
1207 -0.199 -0.121 -0.145 -0.425  10.545  9.433
1208 -0.199 -0.140 -0.146 -0.425  10.587  11.187
1209 -0.199 -0.154 -0.148 -0.453  10.628  10.810
1210 -0.199 -0.166 -0.150 -0.583  10.671  11.334
1211 -0.199 -0.174 -0.153 -0.621  10.713  10.578
1212 -0.199 -0.181 -0.155 -0.480  10.750  9.643
1213 -0.199 -0.185 -0.157 -0.579  10.788  9.087
1214 -0.199 -0.189 -0.160 -0.714  10.810  5.277
1215 -0.199 -0.192 -0.163 -0.851  10.821  2.470
1216 -0.199 -0.194 -0.166 -0.907  10.824  0.268
1217 -0.199 -0.195 -0.170 -0.977  10.822 -0.814
1218 -0.199 -0.196 -0.174 -1.025  10.821 -0.573
1219 -0.199 -0.197 -0.177 -0.662  10.837  5.546
1220 -0.181 -0.162 -0.179 -0.581  10.868  7.810
1221 -0.156 -0.112 -0.182 -0.801  10.885  3.512
1222 -0.130 -0.059 -0.186 -0.938  10.885 -1.003
1223 -0.105 -0.010 -0.190 -1.020  10.874 -3.125
1224 -0.084  0.032 -0.194 -1.033  10.857 -4.354
1225 -0.065  0.068 -0.197 -0.713  10.857  2.143
1226 -0.051  0.098 -0.199 -0.593  10.881  5.586
1227 -0.039  0.121 -0.202 -0.686  10.890  1.610
1228 -0.029  0.140 -0.205 -0.806  10.886 -1.682
1229 -0.022  0.154 -0.208 -0.884  10.875 -3.659
1230 -0.017  0.166 -0.211 -0.678  10.871  0.331
1231 -0.012  0.174 -0.213 -0.516  10.889  5.403
1232 -0.009  0.181 -0.216 -0.590  10.902  3.343
1233 -0.007  0.185 -0.218 -0.590  10.910  2.095
1234 -0.005  0.189 -0.221 -0.654  10.916  1.368
1235 -0.003  0.192 -0.223 -0.526  10.927  3.773
1236 -0.002  0.194 -0.225 -0.496  10.949  5.757
1237 -0.002  0.195 -0.227 -0.508  10.968  5.095
1238 -0.001  0.196 -0.229 -0.485  10.990  5.611
1239 -0.001  0.197 -0.230 -0.480  11.010  5.150
1240 -0.009  0.198 -0.232 -0.463  11.029  5.003
1241 -0.022  0.198 -0.234 -0.426  11.047  4.715
1242 -0.035  0.199 -0.235 -0.414  11.065  4.776
1243 -0.047  0.199 -0.237 -0.383  11.085  5.123
1244 -0.058  0.199 -0.238 -0.319  11.107  5.915
1245 -0.067  0.199 -0.239 -0.267  11.134  6.804
1246 -0.074  0.199 -0.241 -0.325  11.157  5.746
1247 -0.080  0.199 -0.242 -0.321  11.179  5.912
1248 -0.085  0.199 -0.243 -0.262  11.205  7.134
1249 -0.088  0.199 -0.244 -0.201  11.235  7.614