0  0.027  0.000 -0.000  0.000 -0.040 -0.000
1  0.064  0.000 -0.000  0.000 -0.040 -0.000
2  0.104  0.000 -0.000  0.000 -0.039 -0.000
3  0.141  0.000 -0.000  0.029 -0.039 -0.000
4  0.173  0.000 -0.000  0.039 -0.039 -0.000
5  0.201  0.000 -0.000  0.046 -0.039 -0.000
6  0.223  0.000 -0.000  0.088 -0.039 -0.000
7  0.241  0.000  0.000  0.114 -0.040 -0.488
8  0.255  0.000  0.000  0.155 -0.041 -0.213
9  0.266  0.000  0.001  0.188 -0.042 -0.004
10  0.274  0.000  0.002  0.239 -0.042 -0.425
11  0.280  0.000  0.003  0.295 -0.040  0.421
12  0.285  0.000  0.005  0.355 -0.039  0.346
13  0.289  0.000  0.006  0.385 -0.041 -0.531
14  0.292  0.000  0.008  0.448 -0.041 -0.010
15  0.294  0.000  0.010  0.456 -0.039  0.437
16  0.295  0.000  0.012  0.517 -0.038  0.247
17  0.296  0.000  0.014  0.556 -0.036  0.731
18  0.297  0.000  0.016  0.587 -0.033  1.092
19  0.298  0.000  0.018  0.617 -0.031  0.568
20  0.244  0.000  0.021  0.631 -0.029  0.550
21  0.169  0.000  0.023  0.661 -0.028  0.506
22  0.090  0.000  0.026  0.629 -0.028  0.048
23  0.016  0.000  0.028  0.627 -0.028  0.162
24 -0.048  0.000  0.031  0.609 -0.028  0.041
25 -0.102  0.000  0.033  0.526 -0.027  0.203
26 -0.147  0.000  0.035  0.442 -0.036 -2.959
27 -0.182  0.000  0.036  0.235 -0.053 -4.861
28 -0.210  0.000  0.036  0.007 -0.074 -5.876
29 -0.232  0.000  0.035 -0.194 -0.103 -7.700
30 -0.249  0.000  0.035 -0.154 -0.150 -13.082
31 -0.261  0.000  0.034 -0.245 -0.202 -13.430
32 -0.271  0.000  0.032 -0.438 -0.252 -12.879
33 -0.278  0.000  0.030 -0.537 -0.301 -13.018
34 -0.284  0.000  0.028 -0.419 -0.347 -10.988
35 -0.288  0.000  0.027 -0.287 -0.386 -9.826
36 -0.291  0.000  0.025 -0.467 -0.424 -9.798
37 -0.293  0.000  0.023 -0.587 -0.466 -11.654
38 -0.295  0.000  0.021 -0.696 -0.511 -10.882
39 -0.296  0.000  0.017 -0.877 -0.543 -8.424
40 -0.284  0.000  0.014 -0.724 -0.581 -10.652
41 -0.265  0.000  0.012 -0.463 -0.614 -8.607
42 -0.246  0.000  0.010 -0.588 -0.642 -8.321
43 -0.228  0.000  0.007 -0.778 -0.673 -7.976
44 -0.212  0.000  0.005 -0.707 -0.712 -10.824
45 -0.198  0.000  0.002 -0.708 -0.754 -10.530
46 -0.187  0.000  0.000 -0.421 -0.777 -4.286
47 -0.179  0.000 -0.000 -0.364 -0.781 -0.378
48 -0.172  0.000 -0.002 -0.506 -0.780  0.511
49 -0.166  0.000 -0.005 -0.590 -0.783 -1.683
50 -0.162  0.000 -0.007 -0.506 -0.804 -5.842
51 -0.159  0.000 -0.009 -0.536 -0.822 -4.567
52 -0.157  0.000 -0.011 -0.510 -0.840 -4.575
53 -0.155  0.000 -0.013 -0.424 -0.845 -0.606
54 -0.153  0.000 -0.014 -0.424 -0.846 -0.449
55 -0.152  0.000 -0.016 -0.463 -0.854 -2.421
56 -0.152  0.000 -0.018 -0.494 -0.864 -2.422
57 -0.151  0.000 -0.020 -0.501 -0.874 -2.594
58 -0.151  0.000 -0.022 -0.509 -0.881 -1.737
59 -0.150  0.000 -0.024 -0.427 -0.879  0.939
60 -0.150  0.054 -0.025 -0.411 -0.875  1.134
61 -0.150  0.129 -0.027 -0.420 -0.870  0.783
62 -0.150  0.208 -0.029 -0.457 -0.867  0.959
63 -0.150  0.283 -0.030 -0.477 -0.856  3.475
64 -0.150  0.347 -0.032 -0.318 -0.831  6.816
65 -0.150  0.402 -0.033 -0.321 -0.798  8.781
66 -0.150  0.446 -0.034 -0.298 -0.746  14.579
67 -0.150  0.482 -0.035 -0.221 -0.670  19.923
68 -0.150  0.510 -0.035  0.030 -0.592  19.585
69 -0.150  0.532 -0.035  0.042 -0.501  23.677
70 -0.150  0.548 -0.035  0.092 -0.402  25.500
71 -0.150  0.561 -0.035 -0.012 -0.284  30.887
72 -0.150  0.571 -0.035 -0.144 -0.155  31.805
73 -0.150  0.578 -0.036 -0.141 -0.026  33.974
74 -0.150  0.584 -0.036 -0.080  0.098  31.663
75 -0.150  0.588 -0.036 -0.009  0.218  31.835
76 -0.150  0.591 -0.037 -0.181  0.360  38.394
77 -0.150  0.593 -0.038 -0.324  0.501  34.877
78 -0.150  0.595 -0.039 -0.236  0.607  25.752
79 -0.150  0.596 -0.040 -0.306  0.711  26.894
80 -0.109  0.516 -0.041 -0.330  0.841  34.201
81 -0.052  0.403 -0.042 -0.275  0.990  38.668
82  0.006  0.285 -0.043 -0.062  1.131  33.625
83  0.062  0.174 -0.043  0.001  1.244  27.365
84  0.110  0.077 -0.044 -0.236  1.326  19.770
85  0.151 -0.004 -0.044 -0.127  1.406  20.627
86  0.185 -0.070 -0.044 -0.031  1.485  20.203
87  0.211 -0.123 -0.044 -0.073  1.549  14.414
88  0.232 -0.165 -0.045 -0.141  1.610  16.655
89  0.249 -0.198 -0.045  0.029  1.664  12.093
90  0.261 -0.223 -0.044  0.417  1.683  2.950
91  0.271 -0.242 -0.041  0.777  1.673 -3.726
92  0.278 -0.257 -0.038  0.541  1.667  0.020
93  0.284 -0.268 -0.036  0.586  1.668 -0.786
94  0.288 -0.276 -0.033  0.884  1.643 -8.281
95  0.291 -0.282 -0.030  0.689  1.618 -5.459
96  0.293 -0.287 -0.027  0.733  1.598 -5.245
97  0.295 -0.290 -0.023  1.002  1.565 -9.192
98  0.296 -0.293 -0.019  1.068  1.519 -12.579
99  0.297 -0.294 -0.016  0.763  1.486 -6.024
100  0.271 -0.323 -0.013  0.710  1.472 -3.938
101  0.233 -0.362 -0.010  0.845  1.440 -9.493
102  0.194 -0.402 -0.007  0.916  1.388 -14.395
103  0.157 -0.440 -0.003  0.953  1.329 -15.330
104  0.125 -0.472 -0.001  0.612  1.283 -13.535
105  0.098 -0.500  0.000  0.258  1.232 -13.675
106  0.076 -0.522  0.001  0.416  1.160 -19.108
107  0.058 -0.540  0.002  0.085  1.073 -21.228
108  0.044 -0.554  0.001 -0.331  0.993 -20.928
109  0.033 -0.565  0.000 -0.139  0.879 -30.110
110  0.025 -0.574  0.001  0.426  0.773 -25.188
111  0.019 -0.580  0.002 -0.038  0.682 -23.222
112  0.014 -0.585  0.001 -0.151  0.573 -28.595
113  0.010 -0.589  0.001  0.020  0.434 -36.837
114  0.007 -0.592  0.003  0.622  0.323 -25.478
115  0.005 -0.594  0.004  0.137  0.238 -21.437
116  0.004 -0.595  0.003 -0.257  0.143 -25.422
117  0.003 -0.596  0.003 -0.176  0.021 -33.238
118  0.002 -0.597  0.003  0.055 -0.108 -31.750
119  0.001 -0.598  0.002 -0.166 -0.205 -24.279
120 -0.025 -0.544  0.002  0.003 -0.309 -27.116
121 -0.063 -0.469  0.002  0.019 -0.438 -35.014
122 -0.103 -0.390  0.001 -0.232 -0.573 -34.750
123 -0.141 -0.316  0.000 -0.244 -0.704 -32.897
124 -0.173 -0.251  0.000  0.047 -0.802 -22.472
125 -0.200 -0.197  0.000 -0.175 -0.888 -22.097
126 -0.223 -0.152 -0.000 -0.324 -0.985 -25.162
127 -0.241 -0.117 -0.002 -0.499 -1.076 -23.401
128 -0.255 -0.089 -0.005 -0.640 -1.155 -19.761
129 -0.266 -0.067 -0.007 -0.494 -1.232 -20.154
130 -0.274 -0.050 -0.007 -0.045 -1.295 -14.839
131 -0.280 -0.038 -0.008 -0.277 -1.351 -14.519
132 -0.285 -0.028 -0.010 -0.606 -1.399 -11.449
133 -0.289 -0.021 -0.013 -0.840 -1.434 -8.413
134 -0.292 -0.015 -0.017 -1.042 -1.458 -5.527
135 -0.294 -0.011 -0.022 -1.135 -1.473 -3.629
136 -0.295 -0.008 -0.025 -0.611 -1.503 -9.483
137 -0.296 -0.006 -0.025 -0.031 -1.541 -8.976
138 -0.297 -0.004 -0.026 -0.372 -1.575 -8.610
139 -0.298 -0.003 -0.029 -0.701 -1.604 -6.792
140 -0.244  0.051 -0.032 -0.921 -1.622 -4.675
141 -0.169  0.127 -0.037 -1.054 -1.634 -2.952
142 -0.090  0.207 -0.039 -0.490 -1.643 -2.328
143 -0.016  0.282 -0.040 -0.138 -1.653 -2.442
144  0.048  0.347 -0.040 -0.161 -1.636  6.184
145  0.102  0.401 -0.040  0.027 -1.588  13.298
146  0.147  0.446 -0.039  0.257 -1.534  14.001
147  0.182  0.482 -0.038  0.355 -1.476  15.703
148  0.210  0.510 -0.036  0.451 -1.405  18.493
149  0.232  0.532 -0.034  0.506 -1.313  25.331
150  0.249  0.548 -0.032  0.591 -1.212  25.926
151  0.261  0.561 -0.030  0.688 -1.118  24.532
152  0.271  0.571 -0.027  0.592 -1.023  24.382
153  0.278  0.578 -0.026  0.489 -0.935  22.439
154  0.284  0.584 -0.023  0.563 -0.836  25.923
155  0.288  0.588 -0.021  0.521 -0.724  28.467
156  0.291  0.591 -0.019  0.601 -0.626  23.861
157  0.293  0.593 -0.017  0.430 -0.536  23.884
158  0.295  0.595 -0.016  0.489 -0.427  28.606
159  0.296  0.596 -0.014  0.446 -0.307  31.173
160  0.284  0.543 -0.012  0.471 -0.187  30.457
161  0.265  0.468 -0.010  0.367 -0.097  20.673
162  0.246  0.389 -0.010  0.140 -0.022  19.751
163  0.228  0.315 -0.009  0.335  0.071  25.588
164  0.212  0.251 -0.007  0.530  0.171  26.392
165  0.198  0.197 -0.005  0.571  0.271  25.954
166  0.187  0.152 -0.003  0.277  0.352  18.428
167  0.179  0.117 -0.002  0.179  0.406  16.051
168  0.172  0.089 -0.001  0.346  0.463  14.601
169  0.166  0.067 -0.000  0.331  0.506  9.677
170  0.162  0.050 -0.000  0.040  0.530  5.978
171  0.159  0.038 -0.000 -0.008  0.567  8.892
172  0.157  0.028  0.000  0.119  0.593  6.056
173  0.155  0.021  0.000  0.171  0.617  6.236
174  0.153  0.015  0.001  0.092  0.651  8.347
175  0.152  0.011  0.001  0.132  0.682  7.875
176  0.152  0.008  0.002  0.162  0.711  7.117
177  0.151  0.006  0.003  0.222  0.735  5.959
178  0.151  0.004  0.003  0.191  0.761  7.180
179  0.150  0.003  0.004  0.198  0.788  6.845
180  0.150  0.002  0.005  0.235  0.812  6.039
181  0.150  0.001  0.006  0.274  0.835  5.699
182  0.150  0.001  0.007  0.297  0.857  5.818
183  0.150  0.000  0.008  0.327  0.876  4.988
184  0.150  0.000  0.010  0.330  0.895  4.664
185  0.150  0.000  0.011  0.329  0.914  5.513
186  0.150  0.000  0.013  0.382  0.935  5.638
187  0.150  0.000  0.014  0.386  0.951  4.070
188  0.150  0.000  0.016  0.378  0.966  3.986
189  0.150  0.000  0.017  0.394  0.980  3.984
190  0.150  0.000  0.019  0.372  0.993  3.426
191  0.150  0.000  0.020  0.414  1.006  3.415
192  0.150  0.000  0.022  0.462  1.020  3.635
193  0.150  0.000  0.024  0.474  1.033  3.380
194  0.150  0.000  0.026  0.454  1.040  1.817
195  0.150  0.000  0.027  0.457  1.050  2.267
196  0.150  0.000  0.029  0.462  1.057  1.820
197  0.150  0.000  0.031  0.470  1.064  1.898
198  0.150  0.000  0.033  0.465  1.072  1.749
199  0.150  0.000  0.035  0.472  1.078  1.220
200  0.136 -0.026  0.037  0.514  1.084  1.471
201  0.117 -0.064  0.039  0.510  1.089  1.278
202  0.097 -0.104  0.041  0.494  1.091  0.621
203  0.079 -0.141  0.043  0.486  1.089 -0.653
204  0.063 -0.173  0.044  0.436  1.083 -2.106
205  0.049 -0.201  0.046  0.381  1.069 -3.622
206  0.038 -0.223  0.048  0.478  1.057 -3.000
207  0.029 -0.241  0.050  0.450  1.044 -3.488
208  0.022 -0.255  0.051  0.388  1.020 -6.696
209  0.016 -0.266  0.052  0.274  0.985 -9.380
210  0.012 -0.274  0.053  0.292  0.947 -9.536
211  0.009 -0.280  0.054  0.252  0.906 -11.308
212  0.007 -0.285  0.055  0.154  0.851 -13.887
213  0.005 -0.289  0.056  0.156  0.796 -13.982
214  0.003 -0.292  0.056  0.092  0.728 -17.746
215  0.002 -0.294  0.056  0.008  0.642 -22.375
216  0.002 -0.295  0.056 -0.042  0.547 -23.795
217  0.001 -0.296  0.056  0.135  0.477 -15.731
218  0.001 -0.297  0.057  0.146  0.415 -16.655
219  0.000 -0.298  0.057  0.039  0.332 -21.951
220  0.027 -0.271  0.057 -0.086  0.238 -24.077
221  0.065 -0.234  0.057  0.029  0.156 -19.906
222  0.104 -0.194  0.058  0.187  0.092 -16.564
223  0.141 -0.157  0.058  0.187  0.022 -18.756
224  0.174 -0.125  0.059  0.248 -0.054 -20.199
225  0.201 -0.098  0.060  0.269 -0.116 -14.455
226  0.223 -0.076  0.062  0.545 -0.154 -9.400
227  0.241 -0.058  0.065  0.628 -0.185 -8.133
228  0.255 -0.044  0.067  0.731 -0.211 -6.945
229  0.266 -0.033  0.070  0.729 -0.238 -7.014
230  0.274 -0.025  0.072  0.586 -0.268 -8.997
231  0.280 -0.019  0.075  0.649 -0.297 -7.327
232  0.285 -0.014  0.078  0.795 -0.316 -4.756
233  0.289 -0.010  0.081  0.831 -0.327 -2.333
234  0.292 -0.007  0.084  0.776 -0.344 -5.240
235  0.294 -0.005  0.087  0.829 -0.363 -4.506
236  0.295 -0.004  0.091  0.900 -0.378 -3.775
237  0.296 -0.003  0.094  0.834 -0.395 -4.619
238  0.297 -0.002  0.097  0.782 -0.416 -5.798
239  0.298 -0.001  0.100  0.803 -0.439 -5.955
240  0.244  0.025  0.103  0.781 -0.459 -5.178
241  0.169  0.063  0.106  0.853 -0.478 -4.330
242  0.090  0.103  0.110  0.867 -0.489 -2.597
243  0.016  0.141  0.113  0.819 -0.494 -1.507
244 -0.048  0.173  0.116  0.712 -0.510 -4.984
245 -0.102  0.200  0.119  0.687 -0.519 -1.058
246 -0.147  0.223  0.121  0.484 -0.508  3.729
247 -0.182  0.241  0.122  0.172 -0.472  10.179
248 -0.210  0.255  0.122 -0.015 -0.421  13.519
249 -0.232  0.266  0.123  0.325 -0.395  4.247
250 -0.249  0.274  0.123  0.139 -0.371  7.246
251 -0.261  0.280  0.123 -0.239 -0.323  12.985
252 -0.271  0.285  0.121 -0.448 -0.258  17.640
253 -0.278  0.289  0.119 -0.606 -0.180  20.585
254 -0.284  0.292  0.117 -0.421 -0.114  15.629
255 -0.288  0.294  0.116 -0.325 -0.046  18.430
256 -0.291  0.295  0.114 -0.480  0.034  21.241
257 -0.293  0.296  0.112 -0.540  0.114  20.569
258 -0.295  0.297  0.110 -0.405  0.190  19.027
259 -0.296  0.298  0.109 -0.451  0.262  18.299
260 -0.270  0.325  0.107 -0.458  0.328  16.620
261 -0.233  0.363  0.105 -0.598  0.393  17.060
262 -0.194  0.403  0.103 -0.479  0.453  15.071
263 -0.157  0.441  0.101 -0.501  0.527  19.880
264 -0.125  0.473  0.100 -0.282  0.606  19.687
265 -0.098  0.500  0.099 -0.258  0.677  18.748
266 -0.076  0.523  0.098 -0.295  0.753  19.930
267 -0.058  0.541  0.096 -0.328  0.858  28.472
268 -0.044  0.555  0.096 -0.195  0.980  31.308
269 -0.033  0.566  0.096  0.110  1.091  28.797
270 -0.025  0.574  0.096 -0.040  1.203  28.909
271 -0.019  0.580  0.096  0.223  1.310  27.110
272 -0.014  0.585  0.097  0.026  1.442  33.978
273 -0.010  0.589  0.097 -0.035  1.591  38.912
274 -0.007  0.592  0.097  0.168  1.727  33.512
275 -0.005  0.594  0.097 -0.070  1.849  30.052
276 -0.004  0.595  0.096 -0.231  1.967  30.268
277 -0.003  0.596  0.096  0.027  2.085  29.460
278 -0.002  0.597  0.096  0.070  2.206  31.879
279 -0.001  0.598  0.096 -0.014  2.341  35.921
280 -0.001  0.571  0.096 -0.008  2.479  35.998
281 -0.000  0.534  0.097  0.264  2.597  28.649
282 -0.000  0.494  0.097 -0.005  2.705  28.229
283 -0.000  0.457  0.097  0.069  2.826  31.217
284 -0.000  0.425  0.098  0.077  2.931  25.355
285 -0.000  0.398  0.098 -0.043  3.030  25.138
286 -0.000  0.376  0.098  0.031  3.143  29.232
287 -0.000  0.358  0.098 -0.004  3.270  32.500
288 -0.000  0.344  0.098  0.158  3.386  28.038
289 -0.000  0.333  0.098 -0.022  3.479  21.968
290 -0.000  0.325  0.098 -0.007  3.568  23.106
291 -0.000  0.319  0.098 -0.021  3.674  27.668
292 -0.000  0.314  0.098 -0.059  3.774  28.201
293 -0.000  0.310  0.098 -0.014  3.885  27.687
294 -0.000  0.307  0.098  0.047  3.975  23.155
295 -0.000  0.305  0.098  0.040  4.067  24.381
296 -0.000  0.304  0.099  0.069  4.165  25.927
297 -0.000  0.303  0.099 -0.013  4.272  28.441
298 -0.000  0.302  0.098 -0.126  4.382  28.399
299 -0.000  0.301  0.098 -0.024  4.489  25.785
300 -0.013  0.220  0.099  0.236  4.580  23.180
301 -0.032  0.106  0.099  0.148  4.676  25.322
302 -0.052 -0.012  0.100  0.174  4.764  21.527
303 -0.070 -0.124  0.100  0.159  4.838  17.585
304 -0.086 -0.221  0.101  0.237  4.905  16.278
305 -0.100 -0.303  0.102  0.129  4.951  9.785
306 -0.111 -0.370  0.101 -0.369  4.975  5.519
307 -0.120 -0.423  0.099 -0.439  4.971 -2.436
308 -0.127 -0.465  0.097 -0.584  4.950 -6.255
309 -0.133 -0.498  0.095 -0.412  4.898 -14.473
310 -0.137 -0.523  0.094 -0.272  4.819 -21.701
311 -0.140 -0.542  0.092 -0.405  4.749 -16.970
312 -0.142 -0.557  0.091 -0.426  4.677 -19.680
313 -0.144 -0.568  0.089 -0.322  4.577 -26.938
314 -0.146 -0.576  0.088 -0.516  4.474 -26.168
315 -0.147 -0.582  0.085 -0.563  4.359 -29.971
316 -0.147 -0.587  0.084 -0.299  4.241 -29.000
317 -0.148 -0.590  0.084 -0.040  4.138 -26.279
318 -0.148 -0.593  0.083 -0.297  4.023 -29.959
319 -0.149 -0.594  0.081 -0.517  3.902 -30.628
320 -0.149 -0.488  0.080 -0.412  3.772 -33.522
321 -0.149 -0.338  0.078 -0.512  3.651 -29.420
322 -0.149 -0.180  0.076 -0.346  3.575 -16.802
323 -0.149 -0.032  0.075 -0.294  3.511 -16.981
324 -0.149  0.096  0.074 -0.438  3.441 -17.886
325 -0.149  0.205  0.072 -0.438  3.381 -15.212
326 -0.149  0.294  0.071 -0.069  3.352 -4.041
327 -0.149  0.365  0.072  0.333  3.367  3.900
328 -0.149  0.421  0.073  0.247  3.394  7.977
329 -0.149  0.464  0.073 -0.049  3.465  20.500
330 -0.149  0.498  0.072 -0.253  3.575  28.832
331 -0.149  0.523  0.071 -0.286  3.706  34.704
332 -0.149  0.543  0.070 -0.214  3.844  33.785
333 -0.149  0.557  0.070 -0.020  3.928  16.598
334 -0.149  0.568  0.070 -0.116  3.988  16.105
335 -0.149  0.576  0.069 -0.157  4.091  28.397
336 -0.149  0.582  0.069 -0.169  4.223  33.657
337 -0.149  0.587  0.068 -0.065  4.361  34.660
338 -0.149  0.590  0.069  0.222  4.473  27.217
339 -0.149  0.593  0.069 -0.148  4.576  27.252
340 -0.136  0.595  0.068 -0.110  4.693  30.983
341 -0.117  0.596  0.067 -0.207  4.831  37.070
342 -0.097  0.597  0.067 -0.096  4.947  25.719
343 -0.079  0.598  0.067 -0.070  5.034  22.088
344 -0.063  0.598  0.066 -0.176  5.152  30.092
345 -0.049  0.599  0.065 -0.098  5.289  35.729
346 -0.038  0.599  0.065 -0.033  5.436  38.016
347 -0.029  0.599  0.066  0.180  5.574  34.631
348 -0.022  0.599  0.066  0.140  5.702  31.224
349 -0.016  0.599  0.067  0.082  5.834  34.276
350 -0.012  0.599  0.067 -0.005  5.980  37.835
351 -0.009  0.599  0.066 -0.154  6.102  28.157
352 -0.007  0.599  0.066 -0.085  6.199  25.096
353 -0.005  0.599  0.065 -0.076  6.324  33.262
354 -0.003  0.599  0.065 -0.029  6.468  38.582
355 -0.002  0.599  0.065 -0.023  6.597  38.240
356 -0.002  0.599  0.065  0.065  6.701  23.415
357 -0.001  0.599  0.065 -0.086  6.802  26.831
358 -0.001  0.599  0.065 -0.076  6.936  35.542
359 -0.000  0.599  0.064 -0.115  7.088  40.244
360 -0.000  0.518  0.064 -0.028  7.241  37.262
361 -0.000  0.405  0.064  0.069  7.352  25.821
362 -0.000  0.286  0.064 -0.019  7.452  25.678
363 -0.000  0.175  0.064  0.013  7.567  30.369
364 -0.000  0.078  0.064 -0.000  7.686  30.354
365 -0.000 -0.003  0.064 -0.009  7.795  26.682
366 -0.000 -0.070  0.064  0.017  7.883  20.559
367 -0.000 -0.123  0.064  0.025  7.954  17.419
368 -0.000 -0.165  0.065  0.200  8.021  16.129
369 -0.000 -0.198  0.065  0.127  8.053  5.954
370 -0.000 -0.223  0.066  0.049  8.052 -1.624
371 -0.000 -0.242  0.066 -0.081  8.030 -6.217
372 -0.000 -0.257  0.065 -0.280  7.997 -9.110
373 -0.000 -0.268  0.064 -0.131  7.976 -3.326
374 -0.000 -0.276  0.065  0.324  7.978  0.459
375 -0.000 -0.282  0.066  0.264  7.952 -8.109
376 -0.000 -0.287  0.067  0.172  7.894 -15.815
377 -0.000 -0.290  0.068  0.416  7.834 -13.931
378 -0.000 -0.293  0.070  0.482  7.784 -13.231
379 -0.000 -0.294  0.071  0.153  7.730 -13.753
380  0.013 -0.323  0.072  0.241  7.681 -11.854
381  0.032 -0.362  0.072 -0.112  7.640 -9.409
382  0.052 -0.402  0.071 -0.287  7.593 -13.792
383  0.070 -0.440  0.070 -0.033  7.517 -20.567
384  0.086 -0.472  0.071  0.424  7.447 -17.834
385  0.100 -0.500  0.073  0.419  7.363 -23.112
386  0.111 -0.522  0.074  0.251  7.252 -28.318
387  0.120 -0.540  0.074 -0.001  7.144 -26.989
388  0.127 -0.554  0.076  0.414  7.052 -22.930
389  0.133 -0.565  0.077  0.432  6.948 -27.421
390  0.137 -0.574  0.079  0.284  6.816 -34.733
391  0.140 -0.580  0.079  0.120  6.673 -35.779
392  0.142 -0.585  0.079  0.079  6.562 -24.628
393  0.144 -0.589  0.080  0.232  6.464 -25.953
394  0.146 -0.592  0.081  0.217  6.335 -33.889
395  0.147 -0.594  0.082  0.156  6.188 -37.364
396  0.147 -0.595  0.082  0.166  6.040 -37.217
397  0.148 -0.596  0.084  0.423  5.930 -25.008
398  0.148 -0.597  0.085  0.282  5.831 -26.738
399  0.149 -0.598  0.086  0.154  5.711 -32.115
400  0.108 -0.571  0.086 -0.026  5.587 -31.602
401  0.052 -0.534  0.084 -0.380  5.483 -26.270
402 -0.007 -0.494  0.084  0.096  5.386 -23.025
403 -0.062 -0.457  0.086  0.491  5.303 -21.638
404 -0.111 -0.425  0.086  0.084  5.203 -24.823
405 -0.151 -0.398  0.085 -0.306  5.103 -25.745
406 -0.185 -0.376  0.084 -0.287  4.993 -28.362
407 -0.211 -0.358  0.085  0.145  4.907 -20.375
408 -0.232 -0.344  0.084 -0.240  4.818 -22.669
409 -0.249 -0.333  0.082 -0.472  4.720 -25.938
410 -0.261 -0.325  0.080 -0.498  4.615 -27.726
411 -0.271 -0.319  0.078 -0.541  4.507 -28.439
412 -0.278 -0.314  0.077 -0.350  4.413 -22.391
413 -0.284 -0.310  0.076 -0.313  4.338 -19.886
414 -0.288 -0.307  0.074 -0.583  4.254 -22.600
415 -0.291 -0.305  0.071 -0.675  4.160 -24.937
416 -0.293 -0.304  0.069 -0.579  4.054 -27.332
417 -0.295 -0.303  0.067 -0.420  3.964 -20.873
418 -0.296 -0.302  0.066 -0.172  3.910 -14.978
419 -0.297 -0.301  0.065 -0.414  3.830 -21.673
420 -0.244 -0.328  0.063 -0.566  3.736 -24.737
421 -0.169 -0.365  0.060 -0.635  3.640 -24.469
422 -0.090 -0.405  0.058 -0.597  3.544 -25.437
423 -0.016 -0.442  0.057 -0.150  3.463 -18.862
424  0.048 -0.474  0.057 -0.030  3.380 -22.062
425  0.102 -0.501  0.056 -0.343  3.286 -23.853
426  0.147 -0.523  0.055 -0.147  3.175 -29.530
427  0.182 -0.541  0.056  0.198  3.067 -25.690
428  0.210 -0.555  0.056  0.054  2.970 -24.622
429  0.232 -0.566  0.056  0.056  2.852 -31.433
430  0.249 -0.574  0.057  0.295  2.728 -31.563
431  0.261 -0.580  0.058  0.123  2.626 -24.428
432  0.271 -0.585  0.058  0.108  2.522 -27.386
433  0.278 -0.589  0.059  0.377  2.409 -29.809
434  0.284 -0.592  0.061  0.389  2.288 -31.225
435  0.288 -0.594  0.062  0.115  2.171 -29.365
436  0.291 -0.595  0.062  0.210  2.041 -34.383
437  0.293 -0.596  0.064  0.533  1.909 -32.964
438  0.295 -0.597  0.066  0.527  1.772 -34.600
439  0.296 -0.598  0.067  0.292  1.637 -32.674
440  0.243 -0.598  0.068  0.279  1.523 -29.482
441  0.168 -0.599  0.070  0.423  1.403 -31.988
442  0.089 -0.599  0.071  0.230  1.272 -33.618
443  0.015 -0.599  0.071  0.099  1.138 -35.752
444 -0.048 -0.599  0.072  0.072  0.996 -37.932
445 -0.102 -0.599  0.073  0.234  0.865 -32.870
446 -0.147 -0.599  0.073  0.076  0.733 -33.971
447 -0.182 -0.599  0.073 -0.061  0.589 -36.763
448 -0.210 -0.599  0.072 -0.067  0.445 -36.319
449 -0.232 -0.599  0.073  0.003  0.313 -33.433
450 -0.249 -0.599  0.072 -0.138  0.165 -38.643
451 -0.261 -0.599  0.071 -0.229  0.006 -40.530
452 -0.271 -0.599  0.070 -0.256 -0.155 -42.007
453 -0.278 -0.599  0.070 -0.159 -0.310 -38.626
454 -0.284 -0.599  0.070 -0.023 -0.449 -35.571
455 -0.288 -0.599  0.069 -0.182 -0.596 -39.175
456 -0.291 -0.599  0.068 -0.253 -0.747 -39.852
457 -0.293 -0.599  0.067 -0.261 -0.897 -38.953
458 -0.295 -0.599  0.067 -0.102 -1.034 -34.620
459 -0.296 -0.599  0.066 -0.115 -1.168 -35.521
460 -0.270 -0.572  0.066 -0.147 -1.297 -33.586
461 -0.233 -0.535  0.065 -0.239 -1.433 -34.650
462 -0.194 -0.495  0.064 -0.280 -1.575 -36.144
463 -0.157 -0.458  0.063 -0.298 -1.717 -35.433
464 -0.125 -0.426  0.062 -0.288 -1.861 -37.987
465 -0.098 -0.398  0.061 -0.283 -2.006 -36.118
466 -0.076 -0.376  0.060 -0.116 -2.137 -30.686
467 -0.058 -0.358  0.060  0.106 -2.243 -26.994
468 -0.044 -0.344  0.060 -0.015 -2.357 -28.692
469 -0.033 -0.333  0.060 -0.100 -2.481 -32.755
470 -0.025 -0.325  0.060 -0.075 -2.610 -33.549
471 -0.019 -0.319  0.059 -0.048 -2.738 -34.122
472 -0.014 -0.314  0.059  0.032 -2.858 -29.130
473 -0.010 -0.310  0.060  0.152 -2.954 -24.231
474 -0.007 -0.307  0.060  0.069 -3.061 -27.121
475 -0.005 -0.305  0.061  0.025 -3.176 -29.896
476 -0.004 -0.304  0.060 -0.020 -3.292 -29.901
477 -0.003 -0.303  0.060 -0.043 -3.409 -29.022
478 -0.002 -0.302  0.061  0.122 -3.515 -25.765
479 -0.001 -0.301  0.061  0.131 -3.609 -24.416
480 -0.001 -0.220  0.062  0.103 -3.699 -26.310
481 -0.000 -0.106  0.062  0.029 -3.807 -28.251
482 -0.000  0.012  0.062  0.003 -3.912 -27.352
483 -0.000  0.124  0.062  0.081 -4.007 -23.755
484 -0.000  0.221  0.063  0.265 -4.088 -20.361
485 -0.000  0.303  0.064  0.281 -4.152 -14.759
486 -0.000  0.370  0.065  0.307 -4.173 -2.605
487 -0.000  0.423  0.066  0.245 -4.142  9.497
488 -0.000  0.465  0.067  0.174 -4.067  20.794
489 -0.000  0.498  0.066 -0.280 -3.991  16.981
490 -0.000  0.523  0.066  0.031 -3.969  4.636
491 -0.000  0.542  0.067  0.151 -3.914  16.336
492 -0.000  0.557  0.067 -0.030 -3.813  26.951
493 -0.000  0.568  0.067  0.049 -3.692  31.477
494 -0.000  0.576  0.067  0.205 -3.575  29.923
495 -0.000  0.582  0.068  0.099 -3.444  33.956
496 -0.000  0.587  0.068  0.092 -3.312  31.796
497 -0.000  0.590  0.069  0.173 -3.206  25.889
498 -0.000  0.593  0.069  0.169 -3.101  28.423
499 -0.000  0.594  0.070  0.275 -2.987  30.353
500  0.013  0.515  0.071  0.208 -2.861  33.890
501  0.032  0.402  0.072  0.125 -2.721  36.719
502  0.052  0.284  0.073  0.362 -2.601  27.720
503  0.070  0.173  0.075  0.447 -2.512  21.377
504  0.086  0.077  0.076  0.535 -2.455  12.913
505  0.100 -0.004  0.078  0.450 -2.418  9.312
506  0.111 -0.070  0.080  0.367 -2.388  7.635
507  0.120 -0.123  0.081  0.188 -2.373  2.742
508  0.127 -0.165  0.081  0.068 -2.376 -1.215
509  0.133 -0.198  0.082  0.111 -2.383 -1.690
510  0.137 -0.223  0.082  0.155 -2.392 -2.446
511  0.140 -0.242  0.083  0.179 -2.407 -3.884
512  0.142 -0.257  0.083  0.164 -2.423 -4.400
513  0.144 -0.268  0.084  0.188 -2.443 -5.546
514  0.146 -0.276  0.085  0.208 -2.467 -6.158
515  0.147 -0.282  0.086  0.252 -2.496 -7.594
516  0.147 -0.287  0.087  0.241 -2.528 -8.316
517  0.148 -0.290  0.088  0.315 -2.569 -11.097
518  0.148 -0.293  0.089  0.416 -2.619 -13.451
519  0.149 -0.294  0.091  0.379 -2.668 -12.142
520  0.122 -0.323  0.092  0.318 -2.714 -11.938
521  0.084 -0.362  0.093  0.287 -2.763 -12.276
522  0.045 -0.402  0.095  0.285 -2.821 -15.453
523  0.008 -0.440  0.095  0.194 -2.903 -21.772
524 -0.024 -0.472  0.096  0.080 -3.000 -24.224
525 -0.051 -0.500  0.096  0.202 -3.090 -22.078
526 -0.073 -0.522  0.097  0.007 -3.180 -24.149
527 -0.091 -0.540  0.096 -0.142 -3.293 -30.572
528 -0.105 -0.554  0.095 -0.313 -3.415 -32.569
529 -0.116 -0.565  0.094 -0.240 -3.552 -35.984
530 -0.124 -0.574  0.094  0.047 -3.668 -26.584
531 -0.130 -0.580  0.094 -0.029 -3.764 -24.602
532 -0.135 -0.585  0.093 -0.179 -3.891 -34.063
533 -0.139 -0.589  0.093 -0.256 -4.030 -35.284
534 -0.142 -0.592  0.092 -0.293 -4.165 -34.437
535 -0.144 -0.594  0.091  0.076 -4.285 -27.629
536 -0.145 -0.595  0.092  0.056 -4.393 -27.593
537 -0.146 -0.596  0.091 -0.163 -4.523 -34.497
538 -0.147 -0.597  0.090 -0.256 -4.661 -35.707
539 -0.148 -0.598  0.090 -0.218 -4.795 -32.856
540 -0.148 -0.517  0.089 -0.167 -4.924 -34.254
541 -0.149 -0.404  0.088 -0.166 -5.066 -37.898
542 -0.149 -0.285  0.088 -0.115 -5.205 -35.630
543 -0.149 -0.174  0.088 -0.005 -5.300 -27.064
544 -0.149 -0.077  0.087 -0.143 -5.405 -27.134
545 -0.149  0.003  0.086 -0.243 -5.505 -24.586
546 -0.149  0.070  0.085 -0.378 -5.587 -19.251
547 -0.149  0.123  0.083 -0.520 -5.644 -13.456
548 -0.149  0.165  0.081 -0.602 -5.675 -6.663
549 -0.149  0.198  0.080 -0.203 -5.698 -6.501
550 -0.149  0.223  0.080  0.100 -5.737 -9.797
551 -0.149  0.242  0.080 -0.104 -5.744  0.510
552 -0.149  0.257  0.079 -0.282 -5.710  9.952
553 -0.149  0.268  0.077 -0.467 -5.648  16.816
554 -0.149  0.276  0.075 -0.516 -5.568  21.873
555 -0.149  0.282  0.073 -0.548 -5.478  23.518
556 -0.149  0.287  0.072 -0.245 -5.444  2.670
557 -0.149  0.290  0.071 -0.242 -5.457 -2.410
558 -0.149  0.293  0.070 -0.384 -5.432  8.115
559 -0.149  0.294  0.068 -0.474 -5.374  15.390
560 -0.122  0.296  0.066 -0.312 -5.317  14.022
561 -0.085  0.297  0.065 -0.280 -5.255  16.406
562 -0.045  0.298  0.065 -0.148 -5.186  16.767
563 -0.008  0.298  0.064 -0.224 -5.155  5.421
564  0.023  0.298  0.064  0.127 -5.145  2.364
565  0.051  0.299  0.065  0.173 -5.108  11.290
566  0.073  0.299  0.065  0.178 -5.042  17.270
567  0.091  0.299  0.066  0.271 -4.991  10.637
568  0.105  0.299  0.068  0.308 -4.949  11.243
569  0.116  0.299  0.069  0.392 -4.889  16.728
570  0.124  0.299  0.071  0.462 -4.822  17.615
571  0.130  0.299  0.073  0.522 -4.755  17.999
572  0.135  0.299  0.075  0.433 -4.692  15.235
573  0.139  0.299  0.076  0.380 -4.635  14.770
574  0.142  0.299  0.077  0.361 -4.567  17.947
575  0.144  0.299  0.079  0.324 -4.497  16.960
576  0.145  0.299  0.080  0.427 -4.435  15.896
577  0.146  0.299  0.082  0.421 -4.366  17.548
578  0.147  0.299  0.083  0.362 -4.303  15.827
579  0.148  0.299  0.085  0.400 -4.238  16.552
580  0.162  0.326  0.086  0.358 -4.172  17.002
581  0.181  0.364  0.088  0.456 -4.102  18.590
582  0.201  0.404  0.090  0.530 -4.020  21.416
583  0.220  0.441  0.092  0.548 -3.936  21.368
584  0.236  0.473  0.093  0.360 -3.863  18.790
585  0.250  0.501  0.095  0.474 -3.780  22.306
586  0.261  0.523  0.097  0.556 -3.680  26.487
587  0.270  0.541  0.100  0.641 -3.582  25.297
588  0.277  0.555  0.101  0.428 -3.494  21.808
589  0.282  0.566  0.103  0.549 -3.399  25.095
590  0.287  0.574  0.105  0.501 -3.289  29.115
591  0.290  0.580  0.107  0.560 -3.176  28.114
592  0.292  0.585  0.109  0.454 -3.080  23.150
593  0.294  0.589  0.110  0.286 -2.996  21.483
594  0.296  0.592  0.112  0.371 -2.896  26.091
595  0.297  0.594  0.113  0.469 -2.780  30.741
596  0.297  0.595  0.115  0.508 -2.662  29.656
597  0.298  0.596  0.117  0.399 -2.564  24.374
598  0.298  0.597  0.118  0.435 -2.461  27.389
599  0.299  0.598  0.120  0.449 -2.340  31.956
600  0.272  0.544  0.122  0.457 -2.216  32.113
601  0.234  0.469  0.124  0.486 -2.096  30.891
602  0.195  0.390  0.125  0.399 -1.980  29.282
603  0.158  0.316  0.127  0.442 -1.876  25.622
604  0.125  0.251  0.128  0.198 -1.790  21.436
605  0.098  0.197  0.129  0.246 -1.717  21.714
606  0.076  0.152  0.130  0.323 -1.631  21.301
607  0.058  0.117  0.131  0.298 -1.553  19.455
608  0.044  0.089  0.132  0.192 -1.485  17.529
609  0.033  0.067  0.132  0.212 -1.420  15.449
610  0.025  0.050  0.133  0.217 -1.361  15.158
611  0.019  0.038  0.134  0.235 -1.307  13.753
612  0.014  0.028  0.135  0.174 -1.249  15.819
613  0.010  0.021  0.136  0.211 -1.191  14.619
614  0.007  0.015  0.136  0.168 -1.143  11.673
615  0.005  0.011  0.137  0.093 -1.100  10.757
616  0.004  0.008  0.137  0.137 -1.055  11.356
617  0.003  0.006  0.138  0.229 -1.003  13.381
618  0.002  0.004  0.139  0.148 -0.957  11.069
619  0.001  0.003  0.139  0.088 -0.920  8.880
620 -0.025 -0.024  0.140  0.057 -0.888  7.963
621 -0.063 -0.063  0.140  0.236 -0.847  10.927
622 -0.103 -0.103  0.141  0.160 -0.811  8.189
623 -0.141 -0.140  0.141  0.012 -0.792  3.895
624 -0.173 -0.173  0.141 -0.155 -0.787  1.133
625 -0.200 -0.200  0.140 -0.306 -0.797 -3.715
626 -0.223 -0.223  0.138 -0.485 -0.828 -8.755
627 -0.241 -0.240  0.135 -0.646 -0.876 -13.234
628 -0.255 -0.255  0.133 -0.615 -0.928 -12.915
629 -0.266 -0.265  0.131 -0.560 -0.969 -10.857
630 -0.274 -0.274  0.128 -0.639 -1.019 -13.280
631 -0.280 -0.280  0.125 -0.812 -1.083 -17.544
632 -0.285 -0.285  0.122 -0.882 -1.157 -19.728
633 -0.289 -0.289  0.119 -0.920 -1.235 -21.008
634 -0.292 -0.292  0.115 -0.797 -1.308 -18.081
635 -0.294 -0.294  0.113 -0.654 -1.365 -14.545
636 -0.295 -0.295  0.110 -0.787 -1.436 -19.257
637 -0.296 -0.296  0.107 -0.846 -1.513 -20.467
638 -0.297 -0.297  0.103 -0.896 -1.590 -20.492
639 -0.298 -0.298  0.100 -0.874 -1.668 -20.613
640 -0.258 -0.244  0.097 -0.746 -1.737 -17.483
641 -0.201 -0.169  0.094 -0.691 -1.800 -15.658
642 -0.142 -0.090  0.092 -0.467 -1.846 -10.690
643 -0.087 -0.016  0.091 -0.448 -1.882 -9.262
644 -0.038  0.048  0.089 -0.491 -1.920 -10.475
645  0.002  0.102  0.087 -0.388 -1.955 -8.608
646  0.035  0.147  0.086 -0.273 -1.978 -5.467
647  0.061  0.182  0.086 -0.101 -1.986 -1.065
648  0.082  0.210  0.086  0.028 -1.977  2.733
649  0.099  0.232  0.086  0.069 -1.962  3.906
650  0.111  0.249  0.087  0.239 -1.933  8.483
651  0.121  0.261  0.088  0.348 -1.892  11.038
652  0.128  0.271  0.089  0.340 -1.847  11.732
653  0.134  0.278  0.091  0.464 -1.792  14.588
654  0.138  0.284  0.093  0.554 -1.728  16.868
655  0.141  0.288  0.095  0.366 -1.672  13.305
656  0.143  0.291  0.096  0.312 -1.624  12.518
657  0.145  0.293  0.097  0.371 -1.558  18.013
658  0.146  0.295  0.099  0.494 -1.482  19.220
659  0.147  0.296  0.101  0.559 -1.409  19.316
660  0.134  0.270  0.103  0.512 -1.338  17.997
661  0.116  0.233  0.105  0.432 -1.270  17.521
662  0.096  0.194  0.106  0.387 -1.201  18.011
663  0.078  0.157  0.108  0.404 -1.134  16.427
664  0.062  0.125  0.109  0.383 -1.072  15.693
665  0.049  0.098  0.110  0.354 -1.014  14.667
666  0.038  0.076  0.112  0.224 -0.965  11.480
667  0.029  0.058  0.112  0.034 -0.934  7.136
668  0.022  0.044  0.112  0.065 -0.908  7.610
669  0.016  0.033  0.112  0.070 -0.877  7.524
670  0.012  0.025  0.113  0.079 -0.847  7.622
671  0.009  0.019  0.113  0.088 -0.820  6.548
672  0.007  0.014  0.113  0.071 -0.795  6.267
673  0.005  0.010  0.114  0.084 -0.769  6.363
674  0.003  0.007  0.114  0.054 -0.746  5.724
675  0.002  0.005  0.114  0.056 -0.723  5.693
676  0.002  0.004  0.114  0.070 -0.701  5.598
677  0.001  0.003  0.114  0.091 -0.680  5.214
678  0.001  0.002  0.115  0.071 -0.661  5.062
679  0.000  0.001  0.115  0.070 -0.641  4.902
680 -0.012  0.055  0.115  0.048 -0.623  4.561
681 -0.031  0.130  0.115  0.058 -0.605  4.542
682 -0.051  0.209  0.116  0.069 -0.585  5.073
683 -0.070  0.283  0.116  0.048 -0.563  5.672
684 -0.086  0.348  0.116  0.004 -0.536  7.471
685 -0.100  0.402  0.116  0.014 -0.500  9.594
686 -0.111  0.446  0.116  0.044 -0.453  13.026
687 -0.120  0.482  0.116  0.047 -0.381  20.086
688 -0.127  0.510  0.117  0.093 -0.289  24.091
689 -0.133  0.532  0.117  0.089 -0.194  24.718
690 -0.137  0.549  0.117  0.085 -0.089  27.141
691 -0.140  0.561  0.117 -0.053  0.039  33.393
692 -0.142  0.571  0.117 -0.202  0.186  37.213
693 -0.144  0.578  0.116 -0.133  0.303  25.677
694 -0.146  0.584  0.115 -0.147  0.387  22.014
695 -0.147  0.588  0.115 -0.114  0.498  29.097
696 -0.147  0.591  0.115 -0.129  0.630  34.233
697 -0.148  0.593  0.114 -0.058  0.772  36.175
698 -0.148  0.595  0.114  0.074  0.888  27.196
699 -0.149  0.596  0.114 -0.271  0.983  24.532
700 -0.122  0.543  0.113 -0.196  1.097  30.321
701 -0.084  0.468  0.112 -0.138  1.228  34.422
702 -0.045  0.389  0.112 -0.087  1.366  34.114
703 -0.008  0.315  0.112 -0.021  1.471  23.728
704  0.024  0.251  0.111 -0.175  1.555  21.848
705  0.051  0.197  0.111 -0.146  1.652  24.236
706  0.073  0.152  0.110 -0.210  1.747  23.566
707  0.091  0.117  0.109 -0.139  1.834  21.305
708  0.105  0.089  0.109  0.005  1.916  20.744
709  0.116  0.067  0.109  0.035  1.994  19.405
710  0.124  0.050  0.109  0.070  2.071  19.723
711  0.130  0.038  0.110  0.212  2.140  16.470
712  0.135  0.028  0.111  0.323  2.196  13.913
713  0.139  0.021  0.112  0.181  2.255  15.854
714  0.142  0.015  0.113  0.195  2.319  16.528
715  0.144  0.011  0.114  0.308  2.376  14.474
716  0.145  0.008  0.115  0.244  2.437  16.250
717  0.146  0.006  0.116  0.277  2.496  14.744
718  0.147  0.004  0.117  0.323  2.551  14.252
719  0.148  0.003  0.118  0.375  2.602  12.741
720  0.135 -0.024  0.120  0.366  2.651  13.015
721  0.116 -0.063  0.121  0.317  2.701  12.360
722  0.097 -0.103  0.123  0.444  2.745  11.184
723  0.078 -0.140  0.124  0.426  2.787  10.820
724  0.062 -0.173  0.126  0.438  2.822  8.656
725  0.049 -0.200  0.128  0.432  2.840  3.507
726  0.038 -0.223  0.130  0.518  2.851  3.240
727  0.029 -0.240  0.132  0.465  2.861  2.266
728  0.022 -0.255  0.133  0.371  2.857 -2.160
729  0.016 -0.265  0.134  0.332  2.841 -4.416
730  0.012 -0.274  0.135  0.189  2.812 -8.257
731  0.009 -0.280  0.136  0.110  2.774 -11.095
732  0.007 -0.285  0.136  0.026  2.728 -11.415
733  0.005 -0.289  0.136  0.053  2.687 -10.572
734  0.003 -0.292  0.136 -0.002  2.631 -15.021
735  0.002 -0.294  0.136 -0.108  2.560 -18.359
736  0.002 -0.295  0.135 -0.255  2.497 -15.665
737  0.001 -0.296  0.134 -0.210  2.432 -16.658
738  0.001 -0.297  0.133 -0.157  2.369 -16.160
739  0.000 -0.298  0.133 -0.063  2.309 -15.286
740  0.014 -0.325  0.133 -0.125  2.246 -16.305
741  0.032 -0.363  0.132 -0.187  2.173 -19.797
742  0.052 -0.403  0.131 -0.232  2.092 -20.917
743  0.071 -0.441  0.130 -0.216  2.006 -23.143
744  0.087 -0.473  0.130  0.131  1.935 -16.817
745  0.100 -0.500  0.132  0.351  1.874 -15.784
746  0.111 -0.523  0.133  0.261  1.792 -21.882
747  0.120 -0.541  0.133  0.107  1.699 -23.212
748  0.127 -0.555  0.134  0.031  1.610 -22.721
749  0.133 -0.566  0.134  0.153  1.512 -25.430
750  0.137 -0.574  0.134  0.047  1.414 -25.490
751  0.140 -0.580  0.135  0.230  1.293 -32.041
752  0.142 -0.585  0.136  0.353  1.157 -35.515
753  0.144 -0.589  0.138  0.320  1.028 -31.121
754  0.146 -0.592  0.138 -0.055  0.914 -28.686
755  0.147 -0.594  0.138  0.057  0.776 -34.780
756  0.147 -0.595  0.138 -0.077  0.639 -32.805
757  0.148 -0.596  0.138  0.263  0.535 -26.279
758  0.148 -0.597  0.140  0.308  0.419 -31.442
759  0.149 -0.598  0.140  0.162  0.281 -37.152
760  0.108 -0.490  0.141  0.104  0.132 -38.599
761  0.052 -0.339  0.141  0.048 -0.015 -37.754
762 -0.007 -0.181  0.141 -0.182 -0.142 -31.433
763 -0.062 -0.033  0.141  0.125 -0.246 -24.233
764 -0.111  0.096  0.142  0.234 -0.325 -19.167
765 -0.151  0.204  0.142  0.137 -0.394 -17.353
766 -0.185  0.293  0.143  0.083 -0.445 -11.809
767 -0.211  0.364  0.142 -0.218 -0.457 -0.610
768 -0.232  0.420  0.140 -0.543 -0.428  9.178
769 -0.249  0.464  0.139 -0.259 -0.393  8.177
770 -0.261  0.498  0.137 -0.397 -0.333  16.737
771 -0.271  0.523  0.135 -0.598 -0.238  25.959
772 -0.278  0.543  0.132 -0.898 -0.139  25.379
773 -0.284  0.557  0.129 -0.626 -0.045  24.006
774 -0.288  0.568  0.127 -0.420  0.032  19.601
775 -0.291  0.576  0.125 -0.657  0.122  24.432
776 -0.293  0.582  0.123 -0.500  0.231  28.219
777 -0.295  0.587  0.121 -0.423  0.355  32.706
778 -0.296  0.590  0.120 -0.217  0.476  30.579
779 -0.297  0.593  0.119 -0.279  0.588  27.259
780 -0.257  0.541  0.117 -0.518  0.691  26.698
781 -0.201  0.466  0.116 -0.313  0.799  27.111
782 -0.142  0.388  0.115 -0.221  0.897  24.239
783 -0.086  0.315  0.114 -0.391  0.992  24.661
784 -0.038  0.250  0.113 -0.160  1.079  21.169
785  0.002  0.196  0.113 -0.044  1.159  21.191
786  0.035  0.152  0.113 -0.088  1.249  23.725
787  0.061  0.117  0.113  0.060  1.328  18.039
788  0.082  0.089  0.113  0.064  1.349  2.785
789  0.099  0.067  0.113  0.008  1.366  4.826
790  0.111  0.050  0.113  0.111  1.390  6.187
791  0.121  0.038  0.114  0.163  1.416  6.598
792  0.128  0.028  0.115  0.100  1.437  4.654
793  0.134  0.021  0.115  0.080  1.451  3.569
794  0.138  0.015  0.115  0.133  1.464  3.063
795  0.141  0.011  0.116  0.129  1.477  3.424
796  0.143  0.008  0.116  0.147  1.492  3.752
797  0.145  0.006  0.117  0.162  1.506  3.422
798  0.146  0.004  0.118  0.194  1.520  3.415
799  0.147  0.003  0.119  0.209  1.531  2.857
800  0.107  0.029  0.119  0.217  1.544  2.966
801  0.051  0.066  0.120  0.227  1.554  2.966
802 -0.007  0.105  0.121  0.236  1.568  3.406
803 -0.063  0.142  0.122  0.234  1.581  3.415
804 -0.111  0.174  0.123  0.203  1.596  3.903
805 -0.152  0.201  0.123  0.093  1.617  5.820
806 -0.185  0.223  0.123 -0.053  1.653  9.713
807 -0.211  0.241  0.123 -0.196  1.698  12.051
808 -0.232  0.255  0.122 -0.302  1.754  14.820
809 -0.249  0.266  0.120 -0.486  1.825  18.711
810 -0.261  0.274  0.118 -0.601  1.904  20.906
811 -0.271  0.280  0.115 -0.566  1.981  19.819
812 -0.278  0.285  0.114 -0.412  2.047  15.846
813 -0.284  0.289  0.112 -0.449  2.112  16.919
814 -0.288  0.292  0.110 -0.597  2.184  19.302
815 -0.291  0.294  0.107 -0.714  2.269  22.940
816 -0.293  0.295  0.105 -0.571  2.351  19.488
817 -0.295  0.296  0.103 -0.422  2.411  15.358
818 -0.296  0.297  0.101 -0.469  2.467  14.323
819 -0.297  0.298  0.099 -0.670  2.530  17.063
820 -0.284  0.271  0.096 -0.812  2.599  18.319
821 -0.266  0.234  0.093 -0.759  2.666  16.140
822 -0.246  0.194  0.091 -0.360  2.710  10.635
823 -0.228  0.157  0.090 -0.264  2.751  10.100
824 -0.212  0.125  0.088 -0.481  2.794  11.330
825 -0.199  0.098  0.086 -0.679  2.842  12.846
826 -0.188  0.076  0.083 -0.764  2.890  12.430
827 -0.179  0.058  0.081 -0.499  2.920  6.241
828 -0.172  0.044  0.080 -0.279  2.954  9.501
829 -0.166  0.033  0.078 -0.349  2.985  7.741
830 -0.162  0.025  0.077 -0.469  3.012  7.117
831 -0.159  0.019  0.075 -0.521  3.034  4.747
832 -0.157  0.014  0.072 -0.547  3.045  2.556
833 -0.155  0.010  0.070 -0.515  3.056  3.453
834 -0.153  0.007  0.069 -0.335  3.084  8.073
835 -0.152  0.005  0.067 -0.420  3.112  6.629
836 -0.152  0.004  0.066 -0.470  3.133  5.394
837 -0.151  0.003  0.064 -0.452  3.152  5.045
838 -0.151  0.002  0.062 -0.408  3.176  6.710
839 -0.150  0.001  0.061 -0.425  3.202  6.608
840 -0.137  0.001  0.059 -0.433  3.227  6.537
841 -0.118  0.000  0.057 -0.466  3.247  5.204
842 -0.098  0.000  0.055 -0.439  3.269  6.436
843 -0.079  0.000  0.054 -0.442  3.293  5.709
844 -0.063  0.000  0.052 -0.459  3.311  4.834
845 -0.049  0.000  0.050 -0.419  3.331  5.385
846 -0.038  0.000  0.048 -0.424  3.351  4.773
847 -0.029  0.000  0.047 -0.388  3.369  4.558
848 -0.022  0.000  0.046 -0.335  3.385  4.034
849 -0.016  0.000  0.044 -0.348  3.401  4.285
850 -0.012  0.000  0.043 -0.352  3.419  4.434
851 -0.009  0.000  0.041 -0.331  3.434  3.993
852 -0.007  0.000  0.040 -0.341  3.447  3.427
853 -0.005  0.000  0.039 -0.334  3.463  4.492
854 -0.003  0.000  0.037 -0.330  3.480  4.198
855 -0.002  0.000  0.036 -0.328  3.495  3.938
856 -0.002  0.000  0.035 -0.294  3.509  4.502
857 -0.001  0.000  0.034 -0.300  3.524  3.898
858 -0.001  0.000  0.033 -0.297  3.540  3.982
859 -0.000  0.000  0.032 -0.271  3.553  3.479
860 -0.014 -0.026  0.031 -0.262  3.568  3.974
861 -0.032 -0.064  0.030 -0.265  3.582  3.665
862 -0.052 -0.104  0.029 -0.259  3.594  2.920
863 -0.071 -0.141  0.028 -0.254  3.603  2.108
864 -0.087 -0.173  0.027 -0.290  3.606  0.469
865 -0.100 -0.201  0.025 -0.341  3.604 -0.883
866 -0.111 -0.223  0.024 -0.352  3.596 -2.609
867 -0.120 -0.241  0.022 -0.426  3.580 -4.372
868 -0.127 -0.255  0.020 -0.529  3.551 -8.424
869 -0.133 -0.266  0.018 -0.611  3.513 -10.809
870 -0.137 -0.274  0.015 -0.648  3.466 -12.526
871 -0.140 -0.280  0.013 -0.555  3.426 -10.211
872 -0.142 -0.285  0.011 -0.629  3.376 -13.758
873 -0.144 -0.289  0.008 -0.704  3.313 -17.037
874 -0.146 -0.292  0.005 -0.788  3.248 -17.284
875 -0.147 -0.294  0.003 -0.629  3.186 -15.046
876 -0.147 -0.295  0.001 -0.464  3.140 -11.605
877 -0.148 -0.296 -0.000 -0.553  3.082 -15.915
878 -0.148 -0.297 -0.003 -0.635  3.010 -18.908
879 -0.149 -0.298 -0.005 -0.725  2.938 -18.787
880 -0.149 -0.244 -0.007 -0.467  2.877 -13.802
881 -0.149 -0.169 -0.009 -0.392  2.832 -11.698
882 -0.149 -0.090 -0.011 -0.497  2.774 -15.540
883 -0.149 -0.016 -0.013 -0.584  2.715 -15.053
884 -0.149  0.048 -0.014 -0.297  2.677 -8.328
885 -0.149  0.102 -0.015 -0.268  2.648 -7.064
886 -0.149  0.147 -0.017 -0.404  2.631 -3.529
887 -0.149  0.182 -0.019 -0.505  2.633  1.187
888 -0.149  0.210 -0.021 -0.466  2.630 -1.242
889 -0.149  0.232 -0.022 -0.366  2.627 -0.500
890 -0.149  0.249 -0.024 -0.480  2.645  5.745
891 -0.149  0.261 -0.026 -0.473  2.676  7.718
892 -0.149  0.271 -0.027 -0.369  2.697  5.213
893 -0.149  0.278 -0.028 -0.293  2.723  7.277
894 -0.149  0.284 -0.030 -0.301  2.767  12.055
895 -0.149  0.288 -0.031 -0.393  2.827  16.353
896 -0.149  0.291 -0.032 -0.249  2.882  13.004
897 -0.149  0.293 -0.033 -0.317  2.926  11.651
898 -0.149  0.295 -0.035 -0.394  2.979  13.794
899 -0.149  0.296 -0.036 -0.254  3.027  12.098
900 -0.122  0.243 -0.037 -0.402  3.074  12.114
901 -0.085  0.168 -0.038 -0.255  3.124  13.389
902 -0.045  0.089 -0.040 -0.288  3.189  17.809
903 -0.008  0.015 -0.041 -0.303  3.254  16.473
904  0.023 -0.048 -0.042 -0.335  3.288  6.352
905  0.051 -0.102 -0.043 -0.376  3.305  4.586
906  0.073 -0.147 -0.045 -0.295  3.320  3.240
907  0.091 -0.182 -0.046 -0.246  3.325  1.188
908  0.105 -0.210 -0.047 -0.286  3.331  1.659
909  0.116 -0.232 -0.048 -0.197  3.332 -0.281
910  0.124 -0.249 -0.048  0.003  3.314 -5.282
911  0.130 -0.261 -0.048 -0.017  3.289 -6.040
912  0.135 -0.271 -0.048  0.030  3.262 -7.268
913  0.139 -0.278 -0.047  0.132  3.224 -10.058
914  0.142 -0.284 -0.047  0.142  3.184 -10.231
915  0.144 -0.288 -0.046  0.052  3.148 -8.656
916  0.145 -0.291 -0.046  0.045  3.113 -9.029
917  0.146 -0.293 -0.046  0.233  3.067 -12.675
918  0.147 -0.295 -0.045  0.155  3.017 -13.103
919  0.148 -0.296 -0.044  0.160  2.969 -14.810
920  0.135 -0.324 -0.043  0.375  2.906 -16.785
921  0.116 -0.363 -0.042  0.243  2.842 -15.660
922  0.097 -0.403 -0.042 -0.003  2.790 -12.989
923  0.078 -0.440 -0.042 -0.189  2.736 -14.149
924  0.062 -0.473 -0.043 -0.133  2.672 -16.629
925  0.049 -0.500 -0.043  0.137  2.605 -17.024
926  0.038 -0.523 -0.043 -0.014  2.527 -20.768
927  0.029 -0.540 -0.043 -0.180  2.429 -25.627
928  0.022 -0.555 -0.044 -0.180  2.311 -31.271
929  0.016 -0.565 -0.044 -0.058  2.187 -31.861
930  0.012 -0.574 -0.045 -0.334  2.084 -24.975
931  0.009 -0.580 -0.046 -0.143  1.984 -26.469
932  0.007 -0.585 -0.046 -0.118  1.870 -30.970
933  0.005 -0.589 -0.047 -0.110  1.736 -35.636
934  0.003 -0.592 -0.047 -0.125  1.600 -33.729
935  0.002 -0.594 -0.046  0.348  1.490 -25.857
936  0.002 -0.595 -0.046 -0.043  1.396 -24.101
937  0.001 -0.596 -0.046 -0.122  1.279 -30.882
938  0.001 -0.597 -0.047 -0.051  1.138 -36.557
939  0.000 -0.598 -0.047 -0.024  0.994 -35.398
940  0.014 -0.544 -0.046  0.128  0.882 -26.042
941  0.032 -0.469 -0.047 -0.117  0.769 -30.058
942  0.052 -0.390 -0.047 -0.111  0.634 -35.764
943  0.071 -0.316 -0.047 -0.058  0.491 -36.563
944  0.087 -0.251 -0.048 -0.075  0.355 -34.518
945  0.100 -0.197 -0.048  0.005  0.244 -27.000
946  0.111 -0.152 -0.047  0.250  0.161 -20.875
947  0.120 -0.117 -0.046  0.290  0.084 -20.500
948  0.127 -0.089 -0.045  0.338  0.011 -18.500
949  0.133 -0.067 -0.043  0.410 -0.056 -16.820
950  0.137 -0.050 -0.041  0.440 -0.120 -16.414
951  0.140 -0.038 -0.040  0.346 -0.189 -17.736
952  0.142 -0.028 -0.038  0.426 -0.250 -14.798
953  0.144 -0.021 -0.037  0.493 -0.299 -12.779
954  0.146 -0.015 -0.035  0.518 -0.348 -13.072
955  0.147 -0.011 -0.033  0.452 -0.401 -13.668
956  0.147 -0.008 -0.031  0.522 -0.447 -11.576
957  0.148 -0.006 -0.029  0.561 -0.488 -10.613
958  0.148 -0.004 -0.027  0.474 -0.532 -11.649
959  0.149 -0.003 -0.025  0.523 -0.572 -9.925
960  0.108 -0.056 -0.023  0.564 -0.602 -7.121
961  0.052 -0.131 -0.020  0.634 -0.628 -7.007
962 -0.007 -0.210 -0.018  0.510 -0.662 -9.617
963 -0.062 -0.284 -0.017  0.385 -0.709 -12.369
964 -0.111 -0.348 -0.016  0.254 -0.768 -15.517
965 -0.151 -0.402 -0.015  0.010 -0.844 -19.972
966 -0.185 -0.447 -0.016 -0.169 -0.942 -25.128
967 -0.211 -0.482 -0.017 -0.321 -1.056 -29.666
968 -0.232 -0.510 -0.018 -0.275 -1.174 -30.309
969 -0.249 -0.532 -0.019 -0.307 -1.286 -28.597
970 -0.261 -0.549 -0.020 -0.318 -1.399 -28.572
971 -0.271 -0.561 -0.021 -0.219 -1.503 -26.732
972 -0.278 -0.571 -0.023 -0.352 -1.620 -30.789
973 -0.284 -0.578 -0.024 -0.422 -1.747 -33.756
974 -0.288 -0.584 -0.026 -0.477 -1.874 -33.793
975 -0.291 -0.588 -0.028 -0.494 -2.006 -34.685
976 -0.293 -0.591 -0.030 -0.500 -2.140 -33.862
977 -0.295 -0.593 -0.031 -0.383 -2.270 -31.828
978 -0.296 -0.595 -0.032 -0.201 -2.378 -26.919
979 -0.297 -0.596 -0.034 -0.387 -2.500 -31.910
980 -0.257 -0.570 -0.035 -0.428 -2.635 -34.250
981 -0.201 -0.533 -0.037 -0.455 -2.753 -34.060
982 -0.142 -0.494 -0.038 -0.421 -2.889 -34.814
983 -0.086 -0.457 -0.040 -0.329 -3.020 -32.172
984 -0.038 -0.425 -0.040  0.005 -3.117 -23.431
985  0.002 -0.398 -0.040 -0.017 -3.213 -25.183
986  0.035 -0.376 -0.040 -0.153 -3.321 -28.456
987  0.061 -0.358 -0.041 -0.156 -3.432 -29.666
988  0.082 -0.344 -0.042 -0.104 -3.548 -30.513
989  0.099 -0.333 -0.041  0.141 -3.648 -23.762
990  0.111 -0.325 -0.040  0.247 -3.723 -18.878
991  0.121 -0.319 -0.039  0.220 -3.812 -22.620
992  0.128 -0.314 -0.038  0.235 -3.911 -25.188
993  0.134 -0.310 -0.038  0.174 -4.003 -23.184
994  0.138 -0.307 -0.037  0.233 -4.093 -23.059
995  0.141 -0.305 -0.036  0.215 -4.185 -23.066
996  0.143 -0.304 -0.035  0.329 -4.266 -20.010
997  0.145 -0.303 -0.033  0.358 -4.339 -18.490
998  0.146 -0.302 -0.032  0.354 -4.422 -22.016
999  0.147 -0.301 -0.031  0.325 -4.514 -23.834
1000  0.134 -0.274 -0.030  0.357 -4.598 -19.883
1001  0.116 -0.236 -0.028  0.447 -4.669 -18.724
1002  0.096 -0.196 -0.026  0.425 -4.749 -21.683
1003  0.078 -0.158 -0.025  0.379 -4.835 -22.728
1004  0.062 -0.126 -0.023  0.368 -4.918 -21.356
1005  0.049 -0.099 -0.022  0.406 -4.993 -18.365
1006  0.038 -0.076 -0.020  0.446 -5.057 -16.543
1007  0.029 -0.058 -0.019  0.373 -5.119 -16.219
1008  0.022 -0.044 -0.017  0.330 -5.175 -13.830
1009  0.016 -0.033 -0.016  0.360 -5.224 -12.120
1010  0.012 -0.025 -0.014  0.454 -5.276 -13.604
1011  0.009 -0.019 -0.013  0.426 -5.329 -13.660
1012  0.007 -0.014 -0.011  0.404 -5.376 -11.807
1013  0.005 -0.010 -0.010  0.332 -5.415 -9.796
1014  0.003 -0.007 -0.008  0.406 -5.459 -11.643
1015  0.002 -0.005 -0.007  0.358 -5.504 -11.592
1016  0.002 -0.004 -0.006  0.354 -5.547 -11.381
1017  0.001 -0.003 -0.004  0.350 -5.588 -10.285
1018  0.001 -0.002 -0.003  0.353 -5.624 -9.505
1019  0.000 -0.001 -0.002  0.339 -5.662 -9.704
1020  0.000  0.025 -0.000  0.309 -5.698 -9.389
1021  0.000  0.063  0.000  0.307 -5.733 -8.927
1022  0.000  0.103  0.001  0.325 -5.763 -7.485
1023  0.000  0.141  0.002  0.334 -5.789 -6.624
1024  0.000  0.173  0.004  0.330 -5.813 -5.869
1025  0.000  0.200  0.005  0.339 -5.825 -2.434
1026  0.000  0.223  0.006  0.380 -5.825  0.474
1027  0.000  0.241  0.008  0.439 -5.824  0.737
1028  0.000  0.255  0.010  0.457 -5.814  2.925
1029  0.000  0.266  0.012  0.457 -5.796  5.185
1030  0.000  0.274  0.013  0.449 -5.762  9.843
1031  0.000  0.280  0.015  0.463 -5.716  12.340
1032  0.000  0.285  0.017  0.529 -5.670  11.742
1033  0.000  0.289  0.019  0.430 -5.636  8.167
1034  0.000  0.292  0.020  0.375 -5.594  11.740
1035  0.000  0.294  0.022  0.338 -5.532  15.697
1036  0.000  0.295  0.023  0.383 -5.475  13.844
1037  0.000  0.296  0.024  0.307 -5.423  13.276
1038  0.000  0.297  0.025  0.336 -5.359  17.274
1039  0.000  0.298  0.027  0.381 -5.288  17.873
1040  0.013  0.325  0.029  0.454 -5.223  16.746
1041  0.032  0.363  0.030  0.386 -5.163  15.422
1042  0.052  0.403  0.031  0.317 -5.100  16.466
1043  0.070  0.441  0.032  0.261 -5.018  21.791
1044  0.086  0.473  0.033  0.300 -4.932  25.721
1045  0.100  0.500  0.034  0.238 -4.848  19.687
1046  0.111  0.523  0.035  0.282 -4.773  20.277
1047  0.120  0.541  0.036  0.247 -4.668  28.811
1048  0.127  0.555  0.037  0.249 -4.546  31.356
1049  0.133  0.566  0.039  0.490 -4.439  27.622
1050  0.137  0.574  0.040  0.343 -4.338  25.757
1051  0.140  0.580  0.042  0.375 -4.230  28.237
1052  0.142  0.585  0.043  0.214 -4.101  34.121
1053  0.144  0.589  0.043  0.108 -3.957  38.088
1054  0.146  0.592  0.043 -0.051 -3.826  30.938
1055  0.147  0.594  0.044  0.156 -3.751  17.552
1056  0.147  0.595  0.044  0.095 -3.658  24.852
1057  0.148  0.596  0.045  0.217 -3.536  32.739
1058  0.148  0.597  0.046  0.233 -3.401  35.791
1059  0.149  0.598  0.047  0.320 -3.264  35.478
1060  0.108  0.598  0.048  0.342 -3.147  28.251
1061  0.052  0.599  0.049  0.172 -3.049  25.548
1062 -0.007  0.599  0.049  0.005 -2.939  29.000
1063 -0.062  0.599  0.049 -0.178 -2.821  31.258
1064 -0.111  0.599  0.048 -0.139 -2.690  34.657
1065 -0.151  0.599  0.048  0.080 -2.567  30.400
1066 -0.185  0.599  0.048 -0.123 -2.446  30.850
1067 -0.211  0.599  0.047 -0.377 -2.326  31.045
1068 -0.232  0.599  0.046 -0.106 -2.201  31.553
1069 -0.249  0.599  0.046 -0.124 -2.072  32.799
1070 -0.261  0.599  0.045 -0.260 -1.925  38.130
1071 -0.271  0.599  0.044 -0.176 -1.789  33.653
1072 -0.278  0.599  0.043 -0.334 -1.662  33.311
1073 -0.284  0.599  0.042 -0.236 -1.539  31.445
1074 -0.288  0.599  0.041 -0.190 -1.421  31.199
1075 -0.291  0.599  0.040 -0.219 -1.296  33.257
1076 -0.293  0.599  0.039 -0.269 -1.167  33.677
1077 -0.295  0.599  0.039 -0.102 -1.045  31.054
1078 -0.296  0.599  0.038 -0.086 -0.926  30.880
1079 -0.297  0.599  0.038 -0.087 -0.804  31.787
1080 -0.298  0.518  0.037 -0.188 -0.671  35.090
1081 -0.298  0.405  0.036 -0.364 -0.523  38.897
1082 -0.299  0.286  0.036 -0.053 -0.398  29.720
1083 -0.299  0.175  0.035 -0.168 -0.286  28.529
1084 -0.299  0.078  0.034 -0.206 -0.175  27.556
1085 -0.299 -0.003  0.033 -0.387 -0.078  24.222
1086 -0.299 -0.070  0.031 -0.628 -0.000  18.458
1087 -0.299 -0.123  0.028 -0.618  0.053  13.240
1088 -0.299 -0.165  0.026 -0.731  0.084  6.997
1089 -0.299 -0.198  0.022 -0.978  0.089 -0.175
1090 -0.299 -0.223  0.018 -1.126  0.074 -4.927
1091 -0.299 -0.242  0.013 -1.192  0.045 -8.190
1092 -0.299 -0.257  0.009 -1.077  0.019 -5.685
1093 -0.299 -0.268  0.006 -0.671  0.022  2.416
1094 -0.299 -0.276  0.003 -0.853  0.006 -6.438
1095 -0.299 -0.282 -0.000 -0.992 -0.036 -11.612
1096 -0.299 -0.287 -0.004 -1.024 -0.086 -13.263
1097 -0.299 -0.290 -0.008 -0.895 -0.119 -7.305
1098 -0.299 -0.293 -0.011 -0.999 -0.160 -12.207
1099 -0.299 -0.294 -0.016 -1.118 -0.214 -14.728
1100 -0.245 -0.215 -0.020 -0.946 -0.263 -12.187
1101 -0.170 -0.102 -0.022 -0.646 -0.284 -4.934
1102 -0.091  0.015 -0.025 -0.804 -0.314 -8.716
1103 -0.016  0.126 -0.028 -0.830 -0.347 -8.667
1104  0.047  0.222 -0.031 -0.682 -0.373 -6.048
1105  0.102  0.304 -0.032 -0.173 -0.364  5.569
1106  0.146  0.370 -0.032  0.296 -0.307  17.467
1107  0.182  0.423 -0.030  0.369 -0.230  20.265
1108  0.210  0.465 -0.029  0.392 -0.136  24.895
1109  0.232  0.498 -0.027  0.395 -0.028  27.489
1110  0.248  0.523 -0.026  0.344  0.065  21.598
1111  0.261  0.542 -0.025  0.345  0.137  18.617
1112  0.271  0.557 -0.023  0.326  0.233  25.770
1113  0.278  0.568 -0.022  0.213  0.345  28.545
1114  0.284  0.576 -0.022  0.226  0.471  32.914
1115  0.288  0.582 -0.020  0.572  0.590  28.750
1116  0.291  0.587 -0.017  0.486  0.684  23.682
1117  0.293  0.590 -0.016  0.500  0.785  27.287
1118  0.295  0.593 -0.014  0.494  0.909  33.231
1119  0.296  0.594 -0.013  0.150  1.028  30.046
1120  0.257  0.488 -0.012  0.110  1.147  30.540
1121  0.201  0.338 -0.011  0.535  1.261  28.384
1122  0.141  0.180 -0.009  0.485  1.368  27.328
1123  0.086  0.032 -0.007  0.386  1.460  22.120
1124  0.038 -0.096 -0.005  0.493  1.534  18.373
1125 -0.002 -0.205 -0.003  0.510  1.590  13.784
1126 -0.035 -0.294 -0.001  0.507  1.627  7.942
1127 -0.062 -0.365 -0.000  0.361  1.625 -2.264
1128 -0.082 -0.421  0.000  0.285  1.588 -10.736
1129 -0.099 -0.464  0.000 -0.134  1.557 -6.772
1130 -0.111 -0.498 -0.000 -0.368  1.518 -11.084
1131 -0.121 -0.523 -0.002 -0.565  1.447 -19.588
1132 -0.128 -0.543 -0.004 -0.505  1.345 -28.290
1133 -0.134 -0.557 -0.006 -0.483  1.229 -30.327
1134 -0.138 -0.568 -0.007 -0.261  1.140 -19.483
1135 -0.141 -0.576 -0.008 -0.176  1.066 -19.262
1136 -0.143 -0.582 -0.009 -0.355  0.959 -27.841
1137 -0.145 -0.587 -0.011 -0.513  0.842 -29.369
1138 -0.146 -0.590 -0.013 -0.481  0.726 -29.714
1139 -0.147 -0.593 -0.014 -0.342  0.602 -32.050
1140 -0.148 -0.568 -0.015  0.042  0.499 -22.769
1141 -0.148 -0.531 -0.015 -0.215  0.426 -18.929
1142 -0.149 -0.492 -0.016 -0.363  0.328 -25.965
1143 -0.149 -0.456 -0.018 -0.434  0.211 -30.184
1144 -0.149 -0.424 -0.020 -0.523  0.094 -30.069
1145 -0.149 -0.397 -0.022 -0.347 -0.015 -27.378
1146 -0.149 -0.375 -0.023 -0.357 -0.106 -23.142
1147 -0.149 -0.358 -0.024 -0.370 -0.201 -25.462
1148 -0.149 -0.344 -0.026 -0.376 -0.296 -24.724
1149 -0.149 -0.333 -0.027 -0.459 -0.398 -26.667
1150 -0.149 -0.325 -0.029 -0.449 -0.504 -27.059
1151 -0.149 -0.318 -0.031 -0.472 -0.610 -27.241
1152 -0.149 -0.314 -0.032 -0.326 -0.705 -22.518
1153 -0.149 -0.310 -0.033 -0.226 -0.783 -19.896
1154 -0.149 -0.307 -0.035 -0.380 -0.872 -22.874
1155 -0.149 -0.305 -0.036 -0.421 -0.968 -25.245
1156 -0.149 -0.304 -0.038 -0.447 -1.068 -25.085
1157 -0.149 -0.303 -0.040 -0.448 -1.169 -26.459
1158 -0.149 -0.302 -0.041 -0.292 -1.260 -21.440
1159 -0.149 -0.301 -0.041  0.027 -1.320 -14.727
1160 -0.149 -0.301 -0.041 -0.180 -1.392 -19.809
1161 -0.149 -0.300 -0.043 -0.341 -1.482 -24.070
1162 -0.149 -0.300 -0.044 -0.431 -1.581 -26.215
1163 -0.149 -0.300 -0.046 -0.361 -1.676 -23.523
1164 -0.149 -0.300 -0.047 -0.180 -1.750 -17.886
1165 -0.149 -0.300 -0.048 -0.361 -1.836 -23.195
1166 -0.149 -0.300 -0.049 -0.440 -1.934 -25.247
1167 -0.149 -0.300 -0.051 -0.471 -2.032 -25.145
1168 -0.149 -0.300 -0.053 -0.410 -2.130 -24.768
1169 -0.149 -0.300 -0.054 -0.424 -2.212 -24.395
1170 -0.149 -0.300 -0.056 -0.433 -2.307 -24.390
1171 -0.149 -0.300 -0.057 -0.298 -2.392 -20.928
1172 -0.149 -0.300 -0.058 -0.337 -2.476 -21.918
1173 -0.149 -0.300 -0.060 -0.400 -2.569 -24.622
1174 -0.149 -0.300 -0.062 -0.461 -2.665 -25.588
1175 -0.149 -0.300 -0.063 -0.413 -2.761 -25.194
1176 -0.149 -0.300 -0.064 -0.178 -2.836 -19.048
1177 -0.149 -0.300 -0.065 -0.245 -2.916 -21.419
1178 -0.149 -0.300 -0.066 -0.322 -3.007 -23.738
1179 -0.149 -0.300 -0.067 -0.113 -3.081 -17.770
1180 -0.122 -0.219 -0.068 -0.226 -3.158 -20.462
1181 -0.085 -0.105 -0.068 -0.233 -3.241 -21.025
1182 -0.045  0.013 -0.069 -0.293 -3.322 -20.139
1183 -0.008  0.124 -0.071 -0.266 -3.398 -18.619
1184  0.023  0.221 -0.070  0.109 -3.441 -8.788
1185  0.051  0.303 -0.069  0.310 -3.460 -3.789
1186  0.073  0.370 -0.068  0.352 -3.447  5.546
1187  0.091  0.423 -0.067  0.389 -3.400  12.954
1188  0.105  0.465 -0.065  0.243 -3.352  11.195
1189  0.116  0.498 -0.064  0.356 -3.302  13.634
1190  0.124  0.523 -0.062  0.467 -3.222  22.223
1191  0.130  0.542 -0.061  0.466 -3.118  28.270
1192  0.135  0.557 -0.059  0.526 -3.008  27.768
1193  0.139  0.568 -0.057  0.424 -2.898  27.358
1194  0.142  0.576 -0.055  0.469 -2.790  28.398
1195  0.144  0.582 -0.054  0.218 -2.690  24.886
1196  0.145  0.587 -0.053  0.335 -2.594  24.777
1197  0.146  0.590 -0.052  0.390 -2.482  29.237
1198  0.147  0.593 -0.050  0.318 -2.354  32.681
1199  0.148  0.594 -0.049  0.374 -2.225  32.605
1200  0.162  0.515 -0.048  0.378 -2.100  31.925
1201  0.181  0.402 -0.046  0.325 -1.972  32.477
1202  0.201  0.284 -0.045  0.518 -1.866  25.260
1203  0.220  0.173 -0.043  0.298 -1.795  16.730
1204  0.236  0.077 -0.042  0.439 -1.728  17.856
1205  0.250 -0.004 -0.040  0.507 -1.664  15.593
1206  0.261 -0.070 -0.038  0.269 -1.627  8.512
1207  0.270 -0.123 -0.038  0.236 -1.601  6.434
1208  0.277 -0.165 -0.036  0.362 -1.591  1.415
1209  0.282 -0.198 -0.035  0.285 -1.595 -1.103
1210  0.287 -0.223 -0.034  0.364 -1.606 -3.084
1211  0.290 -0.242 -0.031  0.567 -1.635 -8.736
1212  0.292 -0.257 -0.029  0.525 -1.666 -7.338
1213  0.294 -0.268 -0.028  0.438 -1.688 -5.737
1214  0.296 -0.276 -0.025  0.543 -1.719 -9.148
1215  0.297 -0.282 -0.023  0.419 -1.749 -7.771
1216  0.297 -0.287 -0.021  0.524 -1.776 -7.395
1217  0.298 -0.290 -0.020  0.468 -1.799 -5.384
1218  0.298 -0.293 -0.018  0.498 -1.826 -7.350
1219  0.299 -0.294 -0.015  0.582 -1.861 -8.114
1220  0.272 -0.296 -0.014  0.444 -1.885 -5.836
1221  0.234 -0.297 -0.012  0.519 -1.914 -8.470
1222  0.195 -0.298 -0.010  0.538 -1.949 -9.262
1223  0.158 -0.298 -0.007  0.676 -1.997 -13.380
1224  0.125 -0.298 -0.005  0.625 -2.055 -15.510
1225  0.098 -0.299 -0.002  0.649 -2.111 -14.434
1226  0.076 -0.299 -0.000  0.393 -2.156 -11.093
1227  0.058 -0.299  0.000  0.317 -2.209 -14.335
1228  0.044 -0.299  0.001  0.189 -2.278 -18.298
1229  0.033 -0.299  0.002  0.252 -2.345 -16.366
1230  0.025 -0.299  0.003  0.420 -2.402 -14.692
1231  0.019 -0.299  0.004  0.255 -2.469 -17.971
1232  0.014 -0.299  0.005  0.129 -2.538 -20.722
1233  0.010 -0.299  0.006  0.260 -2.607 -17.393
1234  0.007 -0.299  0.007  0.247 -2.677 -18.519
1235  0.005 -0.299  0.007  0.177 -2.760 -22.271
1236  0.004 -0.299  0.008  0.088 -2.853 -24.432
1237  0.003 -0.299  0.007 -0.062 -2.950 -25.870
1238  0.002 -0.299  0.007 -0.033 -3.051 -25.943
1239  0.001 -0.299  0.007 -0.009 -3.146 -24.208
1240  0.001 -0.218  0.008  0.107 -3.235 -22.745
1241  0.000 -0.105  0.008  0.091 -3.322 -21.237
1242  0.000  0.013  0.008  0.149 -3.399 -19.399
1243  0.000  0.124  0.009  0.180 -3.469 -17.326
1244  0.000  0.221  0.010  0.197 -3.526 -13.545
1245  0.000  0.303  0.011  0.352 -3.562 -7.930
1246  0.000  0.370  0.013  0.430 -3.589 -6.201
1247  0.000  0.423  0.015  0.483 -3.591  1.437
1248  0.000  0.465  0.016  0.287 -3.543  14.080
1249  0.000  0.498  0.017  0.119 -3.447  26.328