0  0.009 -0.018 -0.012 -0.000 -0.281 -0.000
1  0.021 -0.043 -0.012 -0.000 -0.281 -0.000
2  0.034 -0.069 -0.012 -0.000 -0.281 -0.000
3  0.047 -0.094 -0.012 -0.000 -0.282 -0.219
4  0.057 -0.115 -0.012 -0.000 -0.282 -0.011
5  0.067 -0.134 -0.012 -0.000 -0.282 -0.000
6  0.074 -0.148 -0.012 -0.000 -0.282 -0.000
7  0.080 -0.160 -0.012 -0.000 -0.282 -0.000
8  0.085 -0.170 -0.012 -0.000 -0.282 -0.000
9  0.088 -0.177 -0.012 -0.000 -0.283 -0.000
10  0.091 -0.182 -0.012 -0.000 -0.283 -0.000
11  0.093 -0.187 -0.012  0.014 -0.284 -0.302
12  0.095 -0.190 -0.012  0.021 -0.286 -0.537
13  0.096 -0.192 -0.012  0.023 -0.288 -0.568
14  0.097 -0.194 -0.012  0.041 -0.292 -1.057
15  0.098 -0.196 -0.012  0.038 -0.296 -1.187
16  0.098 -0.197 -0.012  0.056 -0.304 -1.642
17  0.098 -0.197 -0.011  0.070 -0.312 -2.228
18  0.099 -0.198 -0.011  0.091 -0.323 -3.169
19  0.099 -0.198 -0.011  0.109 -0.337 -3.726
20  0.081 -0.181 -0.010  0.136 -0.353 -4.416
21  0.056 -0.156 -0.009  0.166 -0.372 -5.070
22  0.030 -0.129 -0.009  0.188 -0.394 -5.672
23  0.005 -0.105 -0.008  0.212 -0.418 -6.230
24 -0.016 -0.083 -0.007  0.216 -0.443 -6.574
25 -0.034 -0.065 -0.006  0.234 -0.471 -7.257
26 -0.049 -0.050 -0.005  0.236 -0.500 -7.954
27 -0.060 -0.039 -0.004  0.249 -0.531 -7.480
28 -0.070 -0.029 -0.003  0.260 -0.562 -8.396
29 -0.077 -0.022 -0.002  0.244 -0.599 -9.941
30 -0.083 -0.016 -0.001  0.235 -0.639 -10.240
31 -0.087 -0.012 -0.000  0.257 -0.678 -10.125
32 -0.090 -0.009 -0.000  0.181 -0.724 -12.252
33 -0.092 -0.007  0.000  0.114 -0.777 -13.447
34 -0.094 -0.005  0.000  0.182 -0.825 -11.310
35 -0.096 -0.003  0.001  0.276 -0.862 -9.279
36 -0.097 -0.002  0.002  0.237 -0.899 -9.954
37 -0.097 -0.002  0.003  0.132 -0.945 -12.321
38 -0.098 -0.001  0.003  0.037 -0.999 -14.458
39 -0.098 -0.001  0.003  0.001 -1.058 -15.788
40 -0.072 -0.009  0.003 -0.002 -1.117 -14.655
41 -0.034 -0.022  0.004  0.146 -1.164 -10.453
42  0.004 -0.035  0.004  0.149 -1.201 -9.135
43  0.041 -0.047  0.005  0.076 -1.238 -9.596
44  0.074 -0.058  0.005  0.042 -1.275 -9.370
45  0.101 -0.067  0.005  0.084 -1.315 -9.893
46  0.123 -0.074  0.005  0.084 -1.349 -8.959
47  0.141 -0.080  0.005  0.008 -1.387 -9.594
48  0.155 -0.085  0.005 -0.022 -1.427 -9.554
49  0.166 -0.088  0.006  0.098 -1.456 -6.777
50  0.174 -0.091  0.006  0.144 -1.476 -4.856
51  0.180 -0.093  0.007  0.124 -1.499 -5.960
52  0.185 -0.095  0.007  0.073 -1.523 -5.849
53  0.189 -0.096  0.007  0.138 -1.542 -4.668
54  0.192 -0.097  0.008  0.121 -1.558 -4.912
55  0.194 -0.098  0.008  0.113 -1.578 -5.118
56  0.195 -0.098  0.009  0.118 -1.596 -4.026
57  0.196 -0.098  0.009  0.127 -1.614 -4.980
58  0.197 -0.099  0.010  0.121 -1.632 -4.132
59  0.198 -0.099  0.010  0.140 -1.649 -4.443
60  0.189 -0.072  0.011  0.159 -1.666 -4.114
61  0.177 -0.034  0.012  0.167 -1.683 -4.088
62  0.164  0.004  0.012  0.186 -1.700 -4.506
63  0.152  0.041  0.013  0.189 -1.716 -4.014
64  0.141  0.074  0.014  0.202 -1.733 -4.093
65  0.132  0.101  0.015  0.211 -1.749 -3.986
66  0.125  0.123  0.016  0.212 -1.765 -3.984
67  0.119  0.141  0.017  0.247 -1.781 -4.287
68  0.114  0.155  0.017  0.246 -1.797 -3.907
69  0.111  0.166  0.019  0.266 -1.813 -4.147
70  0.108  0.174  0.020  0.280 -1.827 -3.768
71  0.106  0.180  0.021  0.292 -1.841 -3.642
72  0.104  0.185  0.022  0.330 -1.851 -2.307
73  0.103  0.189  0.024  0.417 -1.854 -0.642
74  0.102  0.192  0.025  0.318 -1.863 -2.724
75  0.101  0.194  0.026  0.356 -1.870 -1.766
76  0.101  0.195  0.028  0.355 -1.873 -0.293
77  0.101  0.196  0.029  0.382 -1.873 -0.292
78  0.100  0.197  0.031  0.396 -1.873  0.647
79  0.100  0.198  0.033  0.496 -1.863  3.269
80  0.091  0.171  0.035  0.572 -1.845  5.063
81  0.078  0.134  0.037  0.461 -1.832  2.401
82  0.065  0.094  0.038  0.366 -1.825  1.821
83  0.052  0.057  0.040  0.457 -1.809  4.687
84  0.042  0.025  0.042  0.572 -1.785  6.345
85  0.033 -0.001  0.044  0.482 -1.761  5.166
86  0.025 -0.023  0.046  0.473 -1.742  5.305
87  0.019 -0.041  0.048  0.541 -1.713  8.028
88  0.014 -0.055  0.050  0.528 -1.684  7.571
89  0.011 -0.066  0.052  0.415 -1.662  4.932
90  0.008 -0.074  0.053  0.342 -1.645  5.283
91  0.006 -0.080  0.055  0.371 -1.623  5.684
92  0.004 -0.085  0.056  0.355 -1.603  5.134
93  0.003 -0.089  0.057  0.354 -1.583  5.359
94  0.002 -0.092  0.059  0.352 -1.562  5.642
95  0.001 -0.094  0.060  0.354 -1.540  5.734
96  0.001 -0.095  0.061  0.310 -1.521  4.958
97  0.001 -0.096  0.062  0.307 -1.500  5.303
98  0.000 -0.097  0.064  0.307 -1.481  4.856
99  0.000 -0.098  0.065  0.248 -1.465  4.559
100  0.000 -0.071  0.066  0.196 -1.454  2.450
101  0.000 -0.034  0.066  0.188 -1.446  2.261
102  0.000  0.005  0.067  0.252 -1.431  4.134
103  0.000  0.042  0.068  0.223 -1.415  3.775
104  0.000  0.074  0.069  0.181 -1.403  2.983
105  0.000  0.101  0.069  0.097 -1.397  0.890
106  0.000  0.123  0.069  0.031 -1.399 -0.713
107  0.000  0.141  0.070  0.038 -1.401 -0.364
108  0.000  0.155  0.070  0.110 -1.395  1.943
109  0.000  0.166  0.070  0.074 -1.387  1.750
110  0.000  0.174  0.071  0.070 -1.382  1.420
111  0.000  0.180  0.071  0.079 -1.375  2.049
112  0.000  0.185  0.071  0.140 -1.360  4.088
113  0.000  0.189  0.072  0.097 -1.345  3.701
114  0.000  0.192  0.072  0.079 -1.331  3.201
115  0.000  0.194  0.072  0.054 -1.319  2.860
116  0.000  0.195  0.073  0.062 -1.306  3.397
117  0.000  0.196  0.073  0.070 -1.292  3.985
118  0.000  0.197  0.073  0.064 -1.276  4.204
119  0.000  0.198  0.073  0.088 -1.255  5.541
120 -0.017  0.198  0.074  0.134 -1.230  6.563
121 -0.043  0.199  0.074  0.091 -1.204  6.387
122 -0.069  0.199  0.074 -0.002 -1.184  4.698
123 -0.094  0.199  0.074 -0.001 -1.160  6.231
124 -0.115  0.199  0.074  0.013 -1.134  6.311
125 -0.134  0.199  0.074  0.004 -1.105  7.552
126 -0.148  0.199  0.074 -0.034 -1.078  6.871
127 -0.160  0.199  0.074 -0.049 -1.048  7.590
128 -0.170  0.199  0.074 -0.084 -1.018  7.922
129 -0.177  0.199  0.073 -0.094 -0.986  8.487
130 -0.182  0.199  0.073 -0.116 -0.951  8.757
131 -0.187  0.199  0.072 -0.099 -0.915  9.119
132 -0.190  0.199  0.072 -0.162 -0.875  10.433
133 -0.192  0.199  0.071 -0.172 -0.832  11.281
134 -0.194  0.199  0.071 -0.187 -0.788  11.319
135 -0.196  0.199  0.070 -0.229 -0.741  12.148
136 -0.197  0.199  0.069 -0.272 -0.691  12.845
137 -0.197  0.199  0.068 -0.298 -0.639  13.423
138 -0.198  0.199  0.067 -0.223 -0.589  12.180
139 -0.198  0.199  0.066 -0.326 -0.534  14.363
140 -0.199  0.190  0.064 -0.353 -0.473  15.979
141 -0.199  0.178  0.063 -0.369 -0.417  14.394
142 -0.199  0.165  0.061 -0.422 -0.362  14.722
143 -0.199  0.152  0.060 -0.358 -0.303  15.825
144 -0.199  0.142  0.058 -0.440 -0.238  17.329
145 -0.199  0.132  0.056 -0.501 -0.167  18.628
146 -0.199  0.125  0.055 -0.429 -0.107  14.659
147 -0.199  0.119  0.053 -0.460 -0.048  15.773
148 -0.199  0.114  0.051 -0.412  0.013  15.997
149 -0.199  0.111  0.049 -0.560  0.076  16.478
150 -0.199  0.108  0.047 -0.707  0.141  16.807
151 -0.199  0.106  0.044 -0.644  0.197  13.819
152 -0.199  0.104  0.042 -0.381  0.254  15.712
153 -0.199  0.103  0.041 -0.404  0.322  16.884
154 -0.199  0.102  0.039 -0.554  0.386  16.703
155 -0.199  0.101  0.037 -0.652  0.447  15.779
156 -0.199  0.101  0.034 -0.673  0.500  13.237
157 -0.199  0.101  0.032 -0.503  0.550  12.992
158 -0.199  0.100  0.030 -0.368  0.621  18.057
159 -0.199  0.100  0.028 -0.573  0.686  16.666
160 -0.199  0.100  0.026 -0.739  0.749  16.530
161 -0.199  0.100  0.022 -0.853  0.808  15.520
162 -0.199  0.100  0.019 -0.938  0.863  14.814
163 -0.199  0.100  0.016 -0.699  0.898  6.729
164 -0.199  0.100  0.014 -0.488  0.945  14.234
165 -0.199  0.100  0.012 -0.581  0.999  13.231
166 -0.199  0.100  0.009 -0.814  1.044  11.559
167 -0.199  0.100  0.005 -0.893  1.084  10.157
168 -0.199  0.100  0.002 -0.744  1.109  5.048
169 -0.199  0.100 -0.000 -0.845  1.132  6.365
170 -0.199  0.100 -0.003 -0.734  1.178  13.283
171 -0.199  0.100 -0.005 -0.599  1.236  14.721
172 -0.199  0.100 -0.008 -0.626  1.275  9.065
173 -0.199  0.100 -0.010 -0.659  1.305  7.605
174 -0.199  0.100 -0.013 -0.585  1.337  9.236
175 -0.199  0.100 -0.015 -0.596  1.381  11.890
176 -0.199  0.100 -0.018 -0.730  1.425  11.534
177 -0.199  0.100 -0.021 -0.830  1.463  9.441
178 -0.199  0.100 -0.024 -0.707  1.492  7.308
179 -0.199  0.100 -0.025 -0.465  1.529  12.315
180 -0.163  0.082 -0.027 -0.537  1.575  11.045
181 -0.113  0.056 -0.030 -0.667  1.610  8.704
182 -0.060  0.030 -0.033 -0.812  1.644  9.099
183 -0.011  0.005 -0.036 -0.872  1.675  8.146
184  0.031 -0.015 -0.040 -0.922  1.700  5.864
185  0.068 -0.034 -0.043 -0.784  1.711  2.352
186  0.097 -0.048 -0.045 -0.398  1.750  11.942
187  0.121 -0.060 -0.047 -0.365  1.802  13.297
188  0.140 -0.070 -0.048 -0.528  1.845  10.956
189  0.154 -0.077 -0.051 -0.642  1.881  9.284
190  0.165 -0.082 -0.053 -0.525  1.914  9.084
191  0.174 -0.087 -0.054 -0.294  1.959  12.238
192  0.181 -0.090 -0.056 -0.339  2.005  11.319
193  0.185 -0.092 -0.057 -0.368  2.039  8.253
194  0.189 -0.094 -0.059 -0.454  2.066  6.444
195  0.192 -0.096 -0.060 -0.433  2.084  4.613
196  0.194 -0.097 -0.062 -0.339  2.102  4.678
197  0.195 -0.097 -0.062  0.021  2.153  13.836
198  0.196 -0.098 -0.062  0.032  2.194  9.372
199  0.197 -0.098 -0.062  0.014  2.217  5.385
200  0.180 -0.081 -0.062 -0.124  2.242  6.624
201  0.155 -0.056 -0.062  0.086  2.282  11.081
202  0.129 -0.029 -0.062  0.040  2.307  5.178
203  0.105 -0.005 -0.061  0.082  2.306 -1.579
204  0.083  0.016 -0.061  0.122  2.321  6.373
205  0.065  0.034 -0.061  0.102  2.348  5.549
206  0.050  0.049 -0.060  0.109  2.356  0.902
207  0.039  0.060 -0.060  0.092  2.349 -1.954
208  0.029  0.070 -0.059  0.209  2.365  5.091
209  0.022  0.077 -0.058  0.152  2.376  2.013
210  0.016  0.083 -0.058  0.142  2.370 -2.675
211  0.012  0.087 -0.057  0.074  2.363 -1.112
212  0.009  0.090 -0.057  0.258  2.372  2.524
213  0.007  0.092 -0.056  0.214  2.375  0.444
214  0.005  0.094 -0.055  0.235  2.373 -0.307
215  0.003  0.096 -0.054  0.240  2.377  0.747
216  0.002  0.097 -0.053  0.213  2.374 -1.097
217  0.002  0.097 -0.052  0.168  2.366 -2.538
218  0.001  0.098 -0.051  0.242  2.362 -0.724
219  0.001  0.098 -0.050  0.237  2.358 -1.060
220  0.009  0.099 -0.050  0.213  2.352 -1.694
221  0.022  0.099 -0.049  0.234  2.347 -1.369
222  0.035  0.099 -0.048  0.214  2.342 -1.561
223  0.047  0.099 -0.047  0.235  2.336 -1.350
224  0.058  0.099 -0.046  0.234  2.331 -1.630
225  0.067  0.099 -0.045  0.221  2.325 -1.486
226  0.074  0.099 -0.044  0.208  2.319 -1.684
227  0.080  0.099 -0.043  0.235  2.313 -1.288
228  0.085  0.099 -0.042  0.222  2.308 -1.660
229  0.088  0.099 -0.042  0.224  2.302 -1.149
230  0.091  0.099 -0.041  0.212  2.297 -1.334
231  0.093  0.099 -0.040  0.191  2.292 -1.123
232  0.095  0.099 -0.039  0.207  2.289 -0.650
233  0.096  0.099 -0.038  0.213  2.288 -0.689
234  0.097  0.099 -0.037  0.199  2.285 -0.602
235  0.098  0.099 -0.037  0.210  2.284 -0.081
236  0.098  0.099 -0.036  0.209  2.283 -0.332
237  0.098  0.099 -0.035  0.212  2.283  0.199
238  0.099  0.099 -0.034  0.199  2.284  0.376
239  0.099  0.099 -0.033  0.212  2.287  0.565
240  0.081  0.108 -0.033  0.212  2.291  0.627
241  0.056  0.121 -0.032  0.200  2.297  1.785
242  0.030  0.134 -0.031  0.212  2.303  1.772
243  0.005  0.147 -0.030  0.234  2.311  2.197
244 -0.016  0.157 -0.029  0.195  2.321  2.306
245 -0.034  0.167 -0.029  0.211  2.332  2.827
246 -0.048  0.174 -0.028  0.210  2.345  3.283
247 -0.060  0.180 -0.027  0.238  2.361  4.375
248 -0.070  0.185 -0.026  0.244  2.379  4.715
249 -0.077  0.188 -0.025  0.195  2.396  4.361
250 -0.083  0.191 -0.024  0.202  2.415  5.088
251 -0.087  0.193 -0.023  0.189  2.437  5.679
252 -0.090  0.195 -0.023  0.189  2.460  5.754
253 -0.092  0.196 -0.022  0.179  2.485  6.333
254 -0.094  0.197 -0.021  0.133  2.514  7.997
255 -0.096  0.198 -0.021  0.178  2.547  8.547
256 -0.097  0.198 -0.020  0.192  2.582  9.431
257 -0.097  0.198 -0.019  0.143  2.620  9.867
258 -0.098  0.199 -0.019  0.155  2.659  10.255
259 -0.098  0.199 -0.019  0.075  2.698  9.916
260 -0.090  0.199 -0.018  0.070  2.736  9.568
261 -0.077  0.199 -0.018  0.021  2.781  11.920
262 -0.064  0.199 -0.018  0.098  2.828  11.534
263 -0.052  0.199 -0.018  0.059  2.877  12.906
264 -0.041  0.199 -0.018  0.040  2.929  13.045
265 -0.032  0.199 -0.017  0.047  2.984  14.095
266 -0.025  0.199 -0.018 -0.077  3.038  13.235
267 -0.019  0.199 -0.018 -0.070  3.090  13.434
268 -0.014  0.199 -0.018 -0.071  3.149  15.976
269 -0.011  0.199 -0.018  0.034  3.208  14.811
270 -0.008  0.199 -0.018 -0.047  3.269  15.884
271 -0.006  0.199 -0.018 -0.073  3.334  16.386
272 -0.004  0.199 -0.019 -0.037  3.392  14.908
273 -0.003  0.199 -0.019 -0.065  3.450  15.187
274 -0.002  0.199 -0.019 -0.050  3.512  16.645
275 -0.001  0.199 -0.019 -0.048  3.580  17.032
276 -0.001  0.199 -0.019 -0.056  3.643  15.833
277 -0.001  0.199 -0.020 -0.052  3.704  15.676
278 -0.000  0.199 -0.020 -0.089  3.770  17.060
279 -0.000  0.199 -0.020 -0.049  3.838  16.960
280 -0.000  0.190 -0.020 -0.057  3.905  17.387
281 -0.000  0.178 -0.021 -0.055  3.975  16.786
282 -0.000  0.165 -0.021 -0.100  4.046  18.424
283 -0.000  0.152 -0.022 -0.197  4.126  20.158
284 -0.000  0.142 -0.022 -0.071  4.195  16.875
285 -0.000  0.132 -0.022 -0.065  4.263  18.230
286 -0.000  0.125 -0.023 -0.093  4.333  18.542
287 -0.000  0.119 -0.023 -0.088  4.399  17.239
288 -0.000  0.114 -0.023 -0.071  4.468  17.899
289 -0.000  0.111 -0.024 -0.057  4.537  17.519
290 -0.000  0.108 -0.024 -0.088  4.607  18.198
291 -0.000  0.106 -0.024 -0.074  4.678  18.126
292 -0.000  0.104 -0.025 -0.106  4.747  16.980
293 -0.000  0.103 -0.025 -0.001  4.818  18.305
294 -0.000  0.102 -0.025 -0.013  4.889  18.314
295 -0.000  0.101 -0.025 -0.081  4.955  16.610
296 -0.000  0.101 -0.025 -0.056  5.020  16.908
297 -0.000  0.101 -0.025 -0.010  5.090  17.547
298 -0.000  0.100 -0.026 -0.067  5.154  16.286
299 -0.000  0.100 -0.026 -0.079  5.214  15.237
300  0.017  0.109 -0.026 -0.103  5.267  13.353
301  0.043  0.121 -0.027 -0.057  5.319  13.720
302  0.069  0.135 -0.027 -0.024  5.373  14.000
303  0.094  0.147 -0.027 -0.032  5.424  12.940
304  0.115  0.158 -0.027 -0.068  5.471  11.961
305  0.134  0.167 -0.027  0.029  5.517  13.505
306  0.148  0.174 -0.027  0.059  5.571  13.390
307  0.160  0.180 -0.027  0.010  5.621  12.477
308  0.170  0.185 -0.027  0.047  5.670  12.700
309  0.177  0.188 -0.026  0.152  5.726  14.637
310  0.182  0.191 -0.026  0.120  5.780  13.652
311  0.187  0.193 -0.025  0.129  5.830  12.596
312  0.190  0.195 -0.025  0.141  5.878  11.877
313  0.192  0.196 -0.024  0.165  5.922  11.095
314  0.194  0.197 -0.023  0.185  5.970  12.668
315  0.196  0.198 -0.023  0.195  6.020  13.127
316  0.197  0.198 -0.022  0.242  6.068  12.534
317  0.197  0.198 -0.021  0.239  6.116  12.585
318  0.198  0.199 -0.020  0.250  6.167  13.450
319  0.198  0.199 -0.019  0.287  6.219  13.160
320  0.163  0.190 -0.018  0.310  6.270  13.229
321  0.113  0.178 -0.017  0.286  6.319  12.355
322  0.060  0.164 -0.016  0.266  6.367  12.354
323  0.010  0.152 -0.014  0.300  6.415  12.384
324 -0.032  0.141 -0.013  0.306  6.462  11.962
325 -0.068  0.132 -0.012  0.360  6.510  12.315
326 -0.098  0.125 -0.010  0.395  6.562  13.414
327 -0.121  0.119 -0.009  0.365  6.609  11.732
328 -0.140  0.114 -0.008  0.314  6.654  11.460
329 -0.154  0.111 -0.007  0.336  6.700  11.944
330 -0.166  0.108 -0.005  0.338  6.744  11.580
331 -0.174  0.106 -0.004  0.336  6.789  11.524
332 -0.181  0.104 -0.003  0.324  6.832  10.906
333 -0.185  0.103 -0.002  0.269  6.874  10.816
334 -0.189  0.102 -0.001  0.239  6.913  10.057
335 -0.192  0.101 -0.000  0.240  6.952  10.329
336 -0.194  0.101  0.000  0.229  6.993  9.961
337 -0.195  0.101  0.001  0.135  7.032  9.682
338 -0.196  0.100  0.001  0.003  7.069  8.853
339 -0.197  0.100  0.001 -0.024  7.089  4.210
340 -0.171  0.100  0.001 -0.069  7.110  5.714
341 -0.134  0.100  0.000 -0.070  7.131  5.142
342 -0.094  0.100  0.000 -0.038  7.166  10.476
343 -0.057  0.100  0.000 -0.112  7.225  15.601
344 -0.025  0.100 -0.000 -0.326  7.282  14.079
345  0.001  0.100 -0.001 -0.119  7.312  6.037
346  0.023  0.100 -0.002 -0.145  7.339  7.038
347  0.041  0.100 -0.002 -0.227  7.362  5.390
348  0.055  0.100 -0.004 -0.377  7.386  6.623
349  0.066  0.100 -0.006 -0.489  7.414  7.468
350  0.074  0.100 -0.007 -0.372  7.436  4.895
351  0.080  0.100 -0.008 -0.126  7.462  7.575
352  0.085  0.100 -0.008 -0.064  7.507  11.452
353  0.089  0.100 -0.009 -0.191  7.549  10.834
354  0.092  0.100 -0.010 -0.163  7.593  11.772
355  0.094  0.100 -0.010 -0.073  7.635  10.300
356  0.095  0.100 -0.011 -0.162  7.679  11.085
357  0.096  0.100 -0.011 -0.165  7.716  8.877
358  0.097  0.100 -0.012 -0.224  7.750  8.899
359  0.098  0.100 -0.013 -0.215  7.782  8.513
360  0.071  0.082 -0.013 -0.087  7.821  10.408
361  0.034  0.056 -0.014 -0.091  7.864  10.884
362 -0.005  0.030 -0.014 -0.048  7.907  11.273
363 -0.042  0.005 -0.014 -0.093  7.947  9.534
364 -0.074 -0.015 -0.014 -0.076  7.984  9.527
365 -0.101 -0.034 -0.015 -0.096  8.020  8.766
366 -0.123 -0.048 -0.015 -0.092  8.055  8.896
367 -0.141 -0.060 -0.015 -0.095  8.086  8.582
368 -0.155 -0.070 -0.016 -0.122  8.120  8.527
369 -0.166 -0.077 -0.016 -0.118  8.150  7.492
370 -0.174 -0.082 -0.017 -0.132  8.179  6.883
371 -0.180 -0.087 -0.017 -0.096  8.209  7.920
372 -0.185 -0.090 -0.018 -0.123  8.237  6.974
373 -0.189 -0.092 -0.018 -0.135  8.262  6.479
374 -0.192 -0.094 -0.019 -0.163  8.286  6.045
375 -0.194 -0.096 -0.020 -0.221  8.303  3.745
376 -0.195 -0.097 -0.021 -0.316  8.308  0.775
377 -0.196 -0.097 -0.022 -0.345  8.308 -0.180
378 -0.197 -0.098 -0.023 -0.202  8.321  4.032
379 -0.198 -0.098 -0.024 -0.265  8.333  2.326
380 -0.198 -0.099 -0.025 -0.398  8.333 -0.662
381 -0.199 -0.099 -0.027 -0.489  8.320 -3.253
382 -0.199 -0.099 -0.030 -0.586  8.298 -6.441
383 -0.199 -0.099 -0.032 -0.574  8.273 -6.018
384 -0.199 -0.099 -0.034 -0.425  8.264 -1.389
385 -0.199 -0.099 -0.036 -0.487  8.251 -4.037
386 -0.199 -0.099 -0.038 -0.586  8.228 -6.138
387 -0.199 -0.099 -0.040 -0.669  8.197 -8.482
388 -0.199 -0.099 -0.043 -0.680  8.162 -9.312
389 -0.199 -0.099 -0.045 -0.444  8.142 -3.372
390 -0.199 -0.099 -0.047 -0.371  8.138 -1.071
391 -0.199 -0.099 -0.048 -0.517  8.122 -4.729
392 -0.199 -0.099 -0.051 -0.609  8.094 -8.658
393 -0.199 -0.099 -0.054 -0.673  8.059 -9.807
394 -0.199 -0.099 -0.056 -0.704  8.020 -10.421
395 -0.199 -0.099 -0.059 -0.737  7.979 -11.206
396 -0.199 -0.099 -0.061 -0.501  7.950 -5.197
397 -0.199 -0.099 -0.063 -0.296  7.949 -0.277
398 -0.199 -0.099 -0.064 -0.495  7.933 -5.099
399 -0.199 -0.099 -0.067 -0.617  7.905 -7.960
400 -0.181 -0.081 -0.069 -0.664  7.869 -9.758
401 -0.156 -0.056 -0.072 -0.725  7.828 -10.994
402 -0.130 -0.030 -0.075 -0.732  7.787 -10.838
403 -0.105 -0.005 -0.077 -0.441  7.762 -3.969
404 -0.084  0.015 -0.078 -0.368  7.755 -2.279
405 -0.065  0.034 -0.080 -0.535  7.737 -5.030
406 -0.051  0.048 -0.083 -0.626  7.706 -8.324
407 -0.039  0.060 -0.085 -0.671  7.671 -9.407
408 -0.029  0.070 -0.088 -0.620  7.636 -8.793
409 -0.022  0.077 -0.089 -0.385  7.621 -2.750
410 -0.017  0.082 -0.091 -0.469  7.603 -5.472
411 -0.012  0.087 -0.093 -0.515  7.581 -5.725
412 -0.009  0.090 -0.095 -0.501  7.558 -5.903
413 -0.007  0.092 -0.097 -0.395  7.544 -3.054
414 -0.005  0.094 -0.098 -0.436  7.530 -3.958
415 -0.003  0.096 -0.100 -0.443  7.515 -3.799
416 -0.002  0.097 -0.102 -0.426  7.501 -3.492
417 -0.002  0.097 -0.103 -0.402  7.490 -2.866
418 -0.001  0.098 -0.105 -0.424  7.477 -3.397
419 -0.001  0.098 -0.106 -0.375  7.466 -2.864
420 -0.009  0.099 -0.108 -0.395  7.456 -2.626
421 -0.022  0.099 -0.110 -0.379  7.448 -2.065
422 -0.035  0.099 -0.111 -0.380  7.441 -1.976
423 -0.047  0.099 -0.112 -0.300  7.437 -0.973
424 -0.058  0.099 -0.113 -0.272  7.440  1.080
425 -0.067  0.099 -0.114 -0.317  7.439 -0.934
426 -0.074  0.099 -0.116 -0.331  7.436 -0.445
427 -0.080  0.099 -0.117 -0.290  7.436 -0.008
428 -0.085  0.099 -0.118 -0.262  7.440  1.096
429 -0.088  0.099 -0.119 -0.283  7.444  1.086
430 -0.091  0.099 -0.120 -0.248  7.448  1.574
431 -0.093  0.099 -0.121 -0.291  7.453  1.350
432 -0.095  0.099 -0.122 -0.283  7.460  1.881
433 -0.096  0.099 -0.123 -0.233  7.472  3.245
434 -0.097  0.099 -0.124 -0.121  7.491  5.414
435 -0.098  0.099 -0.124 -0.095  7.517  6.794
436 -0.098  0.099 -0.125 -0.118  7.543  6.528
437 -0.098  0.099 -0.125 -0.214  7.562  4.282
438 -0.099  0.099 -0.126 -0.235  7.577  4.389
439 -0.099  0.099 -0.127 -0.213  7.595  4.552
440 -0.072  0.099 -0.128 -0.177  7.617  5.946
441 -0.034  0.099 -0.129 -0.161  7.642  6.255
442  0.004  0.099 -0.129 -0.187  7.665  5.773
443  0.041  0.099 -0.130 -0.225  7.687  5.693
444  0.074  0.099 -0.131 -0.192  7.710  6.023
445  0.101  0.099 -0.132 -0.193  7.735  6.558
446  0.123  0.099 -0.132 -0.174  7.762  6.750
447  0.141  0.099 -0.133 -0.165  7.788  6.799
448  0.155  0.099 -0.134 -0.166  7.816  6.975
449  0.166  0.099 -0.134 -0.150  7.844  7.341
450  0.174  0.099 -0.135 -0.119  7.873  7.399
451  0.180  0.099 -0.135 -0.053  7.907  8.850
452  0.185  0.099 -0.135 -0.049  7.941  8.075
453  0.189  0.099 -0.135 -0.009  7.978  9.036
454  0.192  0.099 -0.135 -0.000  8.015  9.282
455  0.194  0.099 -0.135  0.040  8.053  9.932
456  0.195  0.099 -0.135  0.085  8.094  9.937
457  0.196  0.099 -0.135  0.055  8.133  9.719
458  0.197  0.099 -0.134  0.042  8.170  8.919
459  0.198  0.099 -0.134  0.100  8.205  9.316
460  0.180  0.108 -0.134  0.122  8.244  10.208
461  0.155  0.121 -0.133  0.152  8.282  9.621
462  0.129  0.134 -0.132  0.203  8.322  10.214
463  0.105  0.147 -0.131  0.301  8.367  11.354
464  0.083  0.157 -0.130  0.321  8.412  11.411
465  0.065  0.167 -0.129  0.263  8.450  9.731
466  0.050  0.174 -0.128  0.305  8.487  9.677
467  0.039  0.180 -0.127  0.328  8.523  9.126
468  0.029  0.185 -0.125  0.352  8.560  9.690
469  0.022  0.188 -0.124  0.371  8.598  9.487
470  0.016  0.191 -0.122  0.419  8.638  10.464
471  0.012  0.193 -0.120  0.506  8.684  12.335
472  0.009  0.195 -0.118  0.459  8.729  11.073
473  0.007  0.196 -0.117  0.422  8.768  10.186
474  0.005  0.197 -0.115  0.475  8.810  11.452
475  0.003  0.198 -0.113  0.457  8.852  10.259
476  0.002  0.198 -0.112  0.442  8.891  10.397
477  0.002  0.198 -0.110  0.448  8.937  11.908
478  0.001  0.199 -0.108  0.463  8.979  10.875
479  0.001  0.199 -0.106  0.468  9.024  11.811
480  0.009  0.199 -0.105  0.522  9.071  12.728
481  0.022  0.199 -0.103  0.467  9.120  12.293
482  0.035  0.199 -0.101  0.432  9.165  11.897
483  0.047  0.199 -0.099  0.391  9.211  12.389
484  0.058  0.199 -0.098  0.376  9.264  14.047
485  0.067  0.199 -0.096  0.510  9.315  13.317
486  0.074  0.199 -0.094  0.499  9.370  14.581
487  0.080  0.199 -0.092  0.524  9.426  13.686
488  0.085  0.199 -0.091  0.369  9.480  13.781
489  0.088  0.199 -0.089  0.365  9.531  12.652
490  0.091  0.199 -0.088  0.379  9.574  11.359
491  0.093  0.199 -0.087  0.296  9.629  14.954
492  0.095  0.199 -0.086  0.320  9.693  15.950
493  0.096  0.199 -0.084  0.476  9.740  13.775
494  0.097  0.199 -0.082  0.459  9.797  14.910
495  0.098  0.199 -0.081  0.449  9.858  16.093
496  0.098  0.199 -0.079  0.297  9.912  13.451
497  0.098  0.199 -0.078  0.193  9.974  16.505
498  0.099  0.199 -0.078  0.170  10.051  19.803
499  0.099  0.199 -0.077  0.300  10.120  15.950
500  0.081  0.199 -0.075  0.332  10.168  12.380
501  0.056  0.199 -0.074  0.266  10.225  14.929
502  0.030  0.199 -0.073  0.246  10.287  15.891
503  0.005  0.199 -0.073  0.193  10.349  15.637
504 -0.016  0.199 -0.072  0.143  10.414  17.028
505 -0.034  0.199 -0.071  0.246  10.482  18.146
506 -0.048  0.199 -0.070  0.348  10.547  16.680
507 -0.060  0.199 -0.069  0.335  10.615  17.596
508 -0.070  0.199 -0.067  0.322  10.684  17.780
509 -0.077  0.199 -0.067  0.147  10.747  15.564
510 -0.083  0.199 -0.066  0.141  10.815  17.597
511 -0.087  0.199 -0.066  0.092  10.885  17.679
512 -0.090  0.199 -0.065  0.083  10.951  16.278
513 -0.092  0.199 -0.065  0.190  11.008  14.078
514 -0.094  0.199 -0.064  0.144  11.069  15.687
515 -0.096  0.199 -0.063  0.164  11.129  15.407
516 -0.097  0.199 -0.063  0.058  11.194  17.259
517 -0.097  0.199 -0.063 -0.036  11.268  19.164
518 -0.098  0.199 -0.063 -0.075  11.344  18.765
519 -0.098  0.199 -0.063  0.013  11.413  17.857
520 -0.081  0.190 -0.063  0.086  11.472  14.653
521 -0.056  0.178 -0.063 -0.004  11.530  15.552
522 -0.029  0.165 -0.063 -0.132  11.600  18.603
523 -0.005  0.152 -0.064  0.006  11.669  16.396
524  0.016  0.142 -0.063  0.051  11.725  14.141
525  0.034  0.132 -0.064 -0.066  11.790  15.777
526  0.049  0.125 -0.064 -0.021  11.844  13.322
527  0.060  0.119 -0.064 -0.134  11.901  15.077
528  0.070  0.114 -0.065 -0.157  11.965  16.079
529  0.077  0.111 -0.065 -0.075  12.019  13.408
530  0.083  0.108 -0.065 -0.054  12.073  14.117
531  0.087  0.106 -0.065  0.025  12.135  15.377
532  0.090  0.104 -0.066 -0.097  12.196  15.401
533  0.092  0.103 -0.066 -0.199  12.259  16.363
534  0.094  0.102 -0.067 -0.123  12.327  18.113
535  0.096  0.101 -0.067 -0.015  12.388  15.113
536  0.097  0.101 -0.067 -0.041  12.443  14.028
537  0.097  0.101 -0.067 -0.006  12.496  14.136
538  0.098  0.100 -0.067  0.001  12.550  13.639
539  0.098  0.100 -0.067 -0.020  12.601  12.569
540  0.072  0.100 -0.067  0.012  12.655  14.174
541  0.034  0.100 -0.067  0.028  12.710  13.955
542 -0.004  0.100 -0.067  0.009  12.761  12.574
543 -0.041  0.100 -0.067  0.017  12.810  12.512
544 -0.074  0.100 -0.067  0.022  12.860  12.757
545 -0.101  0.100 -0.067  0.042  12.910  12.624
546 -0.123  0.100 -0.066  0.076  12.963  13.988
547 -0.141  0.100 -0.066  0.017  13.016  12.813
548 -0.155  0.100 -0.066  0.015  13.065  12.870
549 -0.166  0.100 -0.066  0.068  13.114  13.018
550 -0.174  0.100 -0.066  0.011  13.164  13.090
551 -0.180  0.100 -0.066 -0.007  13.210  10.803
552 -0.185  0.100 -0.066 -0.079  13.246  9.160
553 -0.189  0.100 -0.067 -0.192  13.279  8.036
554 -0.192  0.100 -0.068 -0.335  13.312  8.287
555 -0.194  0.100 -0.069 -0.257  13.339  7.658
556 -0.195  0.100 -0.069  0.074  13.380  11.342
557 -0.196  0.100 -0.069 -0.099  13.425  11.087
558 -0.197  0.100 -0.070 -0.279  13.464  9.863
559 -0.198  0.100 -0.071 -0.325  13.489  5.012
560 -0.189  0.082 -0.073 -0.352  13.499  2.364
561 -0.177  0.056 -0.074 -0.399  13.507  2.113
562 -0.164  0.030 -0.076 -0.395  13.515  2.578
563 -0.152  0.005 -0.077 -0.227  13.548  9.612
564 -0.141 -0.015 -0.077 -0.166  13.598  12.300
565 -0.132 -0.034 -0.078 -0.210  13.632  7.808
566 -0.125 -0.048 -0.079 -0.294  13.653  4.866
567 -0.119 -0.060 -0.081 -0.408  13.669  3.988
568 -0.114 -0.070 -0.082 -0.395  13.691  5.855
569 -0.111 -0.077 -0.084 -0.333  13.727  9.204
570 -0.108 -0.082 -0.085 -0.325  13.749  5.156
571 -0.106 -0.087 -0.087 -0.417  13.761  2.494
572 -0.104 -0.090 -0.089 -0.530  13.761 -0.427
573 -0.103 -0.092 -0.091 -0.624  13.756 -2.216
574 -0.102 -0.094 -0.094 -0.679  13.746 -2.821
575 -0.101 -0.096 -0.096 -0.686  13.734 -3.402
576 -0.101 -0.097 -0.099 -0.504  13.734  1.285
577 -0.101 -0.097 -0.100 -0.381  13.751  4.466
578 -0.100 -0.098 -0.102 -0.424  13.769  4.248
579 -0.100 -0.098 -0.103 -0.457  13.781  2.783
580 -0.082 -0.099 -0.105 -0.487  13.788  1.528
581 -0.057 -0.099 -0.107 -0.537  13.789 -0.319
582 -0.030 -0.099 -0.110 -0.577  13.782 -2.515
583 -0.005 -0.099 -0.112 -0.506  13.776 -1.207
584  0.015 -0.099 -0.114 -0.434  13.778  1.616
585  0.034 -0.099 -0.115 -0.358  13.788  2.602
586  0.048 -0.099 -0.117 -0.432  13.795  1.794
587  0.060 -0.099 -0.119 -0.525  13.789 -2.499
588  0.070 -0.099 -0.121 -0.578  13.774 -3.883
589  0.077 -0.099 -0.123 -0.541  13.758 -4.149
590  0.082 -0.099 -0.124 -0.256  13.759  1.461
591  0.087 -0.099 -0.126 -0.266  13.766  1.318
592  0.090 -0.099 -0.127 -0.257  13.762 -1.531
593  0.092 -0.099 -0.128 -0.254  13.758 -0.475
594  0.094 -0.099 -0.129 -0.273  13.760  0.306
595  0.096 -0.099 -0.130 -0.237  13.751 -2.683
596  0.097 -0.099 -0.130 -0.140  13.735 -4.135
597  0.097 -0.099 -0.131 -0.149  13.721 -3.448
598  0.098 -0.099 -0.131 -0.201  13.709 -3.241
599  0.098 -0.099 -0.132 -0.185  13.696 -2.954
600  0.072 -0.072 -0.133 -0.179  13.682 -3.606
601  0.034 -0.035 -0.134 -0.144  13.665 -4.466
602 -0.004  0.004 -0.134 -0.095  13.641 -6.105
603 -0.041  0.041 -0.134 -0.048  13.613 -7.516
604 -0.074  0.073 -0.134 -0.065  13.584 -7.151
605 -0.101  0.101 -0.135 -0.061  13.555 -6.850
606 -0.123  0.123 -0.135 -0.027  13.525 -7.859
607 -0.141  0.141 -0.135 -0.022  13.495 -7.445
608 -0.155  0.155 -0.135 -0.023  13.465 -7.958
609 -0.166  0.166 -0.135 -0.005  13.435 -7.430
610 -0.174  0.174 -0.135 -0.022  13.405 -7.756
611 -0.180  0.180 -0.135 -0.002  13.374 -7.964
612 -0.185  0.185 -0.135  0.001  13.344 -7.630
613 -0.189  0.189 -0.135  0.000  13.316 -6.915
614 -0.192  0.192 -0.135  0.018  13.288 -6.917
615 -0.194  0.194 -0.135  0.002  13.260 -6.899
616 -0.195  0.195 -0.135 -0.022  13.235 -6.191
617 -0.196  0.196 -0.135 -0.023  13.213 -5.669
618 -0.197  0.197 -0.135 -0.027  13.194 -5.243
619 -0.198  0.198 -0.135 -0.018  13.174 -5.124
620 -0.198  0.180 -0.135 -0.032  13.155 -4.384
621 -0.199  0.155 -0.136 -0.048  13.142 -3.035
622 -0.199  0.129 -0.136 -0.039  13.133 -2.291
623 -0.199  0.105 -0.136 -0.067  13.129 -0.697
624 -0.199  0.083 -0.136 -0.070  13.128 -0.134
625 -0.199  0.065 -0.137 -0.107  13.130  0.435
626 -0.199  0.050 -0.137 -0.131  13.137  2.162
627 -0.199  0.039 -0.138 -0.136  13.149  3.261
628 -0.199  0.029 -0.138 -0.200  13.166  4.773
629 -0.199  0.022 -0.139 -0.235  13.189  5.892
630 -0.199  0.016 -0.140 -0.297  13.214  7.068
631 -0.199  0.012 -0.142 -0.318  13.238  5.658
632 -0.199  0.009 -0.143 -0.374  13.258  5.374
633 -0.199  0.007 -0.145 -0.442  13.279  5.686
634 -0.199  0.005 -0.147 -0.527  13.301  5.693
635 -0.199  0.003 -0.149 -0.628  13.323  6.212
636 -0.199  0.002 -0.152 -0.633  13.348  6.394
637 -0.199  0.002 -0.154 -0.594  13.372  6.431
638 -0.199  0.001 -0.156 -0.591  13.390  4.565
639 -0.199  0.001 -0.158 -0.464  13.411  5.480
640 -0.172 -0.008 -0.160 -0.496  13.436  6.513
641 -0.135 -0.021 -0.162 -0.615  13.463  7.006
642 -0.095 -0.034 -0.165 -0.667  13.487  6.406
643 -0.058 -0.046 -0.168 -0.632  13.504  4.116
644 -0.026 -0.057 -0.170 -0.663  13.516  2.808
645  0.001 -0.066 -0.173 -0.613  13.529  3.831
646  0.023 -0.074 -0.175 -0.581  13.550  5.080
647  0.041 -0.080 -0.177 -0.586  13.565  4.219
648  0.055 -0.085 -0.180 -0.589  13.583  5.066
649  0.066 -0.088 -0.182 -0.543  13.604  5.288
650  0.074 -0.091 -0.184 -0.564  13.624  5.125
651  0.080 -0.093 -0.186 -0.528  13.643  4.647
652  0.085 -0.095 -0.188 -0.538  13.663  5.143
653  0.089 -0.096 -0.190 -0.566  13.680  4.564
654  0.092 -0.097 -0.192 -0.553  13.698  4.510
655  0.094 -0.098 -0.194 -0.519  13.716  4.908
656  0.095 -0.098 -0.196 -0.474  13.735  4.688
657  0.096 -0.098 -0.198 -0.454  13.751  3.900
658  0.097 -0.099 -0.200 -0.448  13.766  4.118
659  0.098 -0.099 -0.201 -0.425  13.779  3.055
660  0.089 -0.099 -0.203 -0.383  13.793  3.470
661  0.077 -0.099 -0.205 -0.390  13.804  2.948
662  0.064 -0.099 -0.206 -0.315  13.810  1.415
663  0.052 -0.099 -0.207 -0.280  13.815  1.144
664  0.041 -0.099 -0.208 -0.263  13.818  0.587
665  0.032 -0.099 -0.209 -0.259  13.819  0.081
666  0.025 -0.099 -0.210 -0.223  13.819 -0.021
667  0.019 -0.099 -0.211 -0.230  13.819 -0.120
668  0.014 -0.099 -0.212 -0.177  13.817 -0.489
669  0.011 -0.099 -0.212 -0.130  13.812 -1.511
670  0.008 -0.099 -0.213 -0.075  13.804 -2.360
671  0.006 -0.099 -0.213 -0.055  13.792 -2.904
672  0.004 -0.099 -0.213 -0.067  13.779 -2.962
673  0.003 -0.099 -0.213 -0.048  13.768 -3.068
674  0.002 -0.099 -0.213 -0.032  13.754 -3.399
675  0.001 -0.099 -0.213 -0.003  13.738 -4.307
676  0.001 -0.099 -0.213  0.040  13.720 -4.548
677  0.001 -0.099 -0.213  0.047  13.699 -5.591
678  0.000 -0.099 -0.213  0.065  13.677 -5.160
679  0.000 -0.099 -0.212  0.107  13.654 -5.504
680  0.000 -0.072 -0.212  0.139  13.635 -5.673
681  0.000 -0.035 -0.211  0.141  13.608 -7.143
682  0.000  0.004 -0.211  0.180  13.581 -6.845
683  0.000  0.041 -0.210  0.171  13.552 -7.875
684  0.000  0.073 -0.209  0.197  13.520 -8.186
685  0.000  0.101 -0.209  0.195  13.486 -9.231
686  0.000  0.123 -0.208  0.216  13.449 -9.668
687  0.000  0.141 -0.207  0.244  13.416 -8.265
688  0.000  0.155 -0.206  0.259  13.383 -8.475
689  0.000  0.166 -0.205  0.259  13.351 -8.536
690  0.000  0.174 -0.204  0.236  13.318 -8.538
691  0.000  0.180 -0.203  0.280  13.289 -6.985
692  0.000  0.185 -0.202  0.283  13.264 -6.782
693  0.000  0.189 -0.201  0.240  13.237 -6.829
694  0.000  0.192 -0.200  0.257  13.212 -6.343
695  0.000  0.194 -0.199  0.259  13.189 -5.773
696  0.000  0.195 -0.198  0.300  13.169 -4.817
697  0.000  0.196 -0.197  0.316  13.154 -3.578
698  0.000  0.197 -0.195  0.321  13.141 -3.417
699  0.000  0.198 -0.194  0.227  13.127 -3.717
700 -0.008  0.171 -0.194  0.218  13.113 -3.186
701 -0.021  0.134 -0.193  0.232  13.104 -1.947
702 -0.034  0.094 -0.192  0.266  13.104 -0.127
703 -0.047  0.057 -0.190  0.297  13.111  2.136
704 -0.057  0.025 -0.189  0.370  13.127  5.022
705 -0.067 -0.001 -0.188  0.323  13.145  4.300
706 -0.074 -0.023 -0.187  0.195  13.156  2.979
707 -0.080 -0.041 -0.186  0.169  13.173  4.544
708 -0.085 -0.055 -0.186  0.174  13.195  5.968
709 -0.088 -0.066 -0.185  0.219  13.217  5.211
710 -0.091 -0.074 -0.184  0.160  13.236  4.687
711 -0.093 -0.080 -0.184  0.105  13.251  3.683
712 -0.095 -0.085 -0.183  0.071  13.266  3.941
713 -0.096 -0.089 -0.183  0.054  13.282  3.764
714 -0.097 -0.092 -0.183  0.002  13.294  2.934
715 -0.098 -0.094 -0.183 -0.044  13.304  2.846
716 -0.098 -0.095 -0.183 -0.083  13.313  2.296
717 -0.098 -0.096 -0.184 -0.117  13.321  1.839
718 -0.099 -0.097 -0.185 -0.141  13.327  1.513
719 -0.099 -0.098 -0.185 -0.143  13.335  2.190
720 -0.090 -0.089 -0.186 -0.193  13.343  2.140
721 -0.078 -0.077 -0.187 -0.203  13.351  1.566
722 -0.064 -0.064 -0.188 -0.234  13.358  1.704
723 -0.052 -0.052 -0.189 -0.243  13.364  1.487
724 -0.041 -0.041 -0.190 -0.322  13.364  0.037
725 -0.032 -0.032 -0.191 -0.374  13.361 -1.076
726 -0.025 -0.025 -0.192 -0.270  13.365  2.020
727 -0.019 -0.019 -0.193 -0.260  13.374  2.290
728 -0.014 -0.014 -0.195 -0.312  13.381  1.518
729 -0.011 -0.011 -0.196 -0.330  13.385  1.062
730 -0.008 -0.008 -0.197 -0.309  13.391  1.574
731 -0.006 -0.006 -0.198 -0.314  13.397  1.706
732 -0.004 -0.004 -0.200 -0.330  13.401  1.168
733 -0.003 -0.003 -0.201 -0.327  13.405  1.138
734 -0.002 -0.002 -0.202 -0.366  13.406  0.061
735 -0.001 -0.001 -0.204 -0.325  13.410  1.213
736 -0.001 -0.001 -0.205 -0.305  13.415  1.158
737 -0.001 -0.001 -0.206 -0.330  13.420  1.139
738 -0.000 -0.000 -0.207 -0.321  13.423  0.623
739 -0.000 -0.000 -0.209 -0.322  13.427  1.128
740 -0.018 -0.018 -0.210 -0.285  13.432  1.138
741 -0.043 -0.043 -0.211 -0.301  13.436  1.137
742 -0.069 -0.069 -0.212 -0.302  13.438  0.581
743 -0.094 -0.094 -0.213 -0.308  13.440  0.570
744 -0.116 -0.116 -0.214 -0.298  13.442  0.568
745 -0.134 -0.134 -0.216 -0.274  13.442  0.448
746 -0.149 -0.148 -0.217 -0.267  13.444  0.329
747 -0.160 -0.160 -0.218 -0.249  13.443 -0.479
748 -0.170 -0.170 -0.219 -0.263  13.442 -0.466
749 -0.177 -0.177 -0.220 -0.267  13.438 -1.055
750 -0.183 -0.183 -0.221 -0.281  13.432 -2.048
751 -0.187 -0.187 -0.222 -0.287  13.422 -2.468
752 -0.190 -0.190 -0.223 -0.247  13.415 -1.741
753 -0.192 -0.192 -0.224 -0.280  13.405 -2.881
754 -0.194 -0.194 -0.225 -0.298  13.392 -3.637
755 -0.196 -0.196 -0.227 -0.382  13.371 -6.167
756 -0.197 -0.197 -0.228 -0.451  13.342 -7.876
757 -0.197 -0.197 -0.230 -0.395  13.314 -7.125
758 -0.198 -0.198 -0.231 -0.268  13.296 -4.084
759 -0.198 -0.198 -0.232 -0.338  13.274 -6.366
760 -0.190 -0.199 -0.234 -0.354  13.248 -6.422
761 -0.177 -0.199 -0.235 -0.403  13.216 -8.749
762 -0.164 -0.199 -0.237 -0.514  13.174 -11.278
763 -0.152 -0.199 -0.239 -0.601  13.122 -14.293
764 -0.141 -0.199 -0.242 -0.638  13.065 -15.228
765 -0.132 -0.199 -0.244 -0.354  13.024 -8.528
766 -0.125 -0.199 -0.245 -0.345  12.994 -7.974
767 -0.119 -0.199 -0.246 -0.472  12.952 -11.498
768 -0.114 -0.199 -0.249 -0.566  12.899 -14.583
769 -0.111 -0.199 -0.251 -0.606  12.840 -15.759
770 -0.108 -0.199 -0.253 -0.614  12.776 -16.928
771 -0.106 -0.199 -0.255 -0.422  12.721 -12.734
772 -0.104 -0.199 -0.256 -0.325  12.685 -9.239
773 -0.103 -0.199 -0.258 -0.416  12.639 -12.274
774 -0.102 -0.199 -0.259 -0.463  12.585 -14.124
775 -0.101 -0.199 -0.261 -0.498  12.526 -15.831
776 -0.101 -0.199 -0.263 -0.519  12.462 -17.051
777 -0.101 -0.199 -0.265 -0.547  12.395 -17.296
778 -0.100 -0.199 -0.267 -0.286  12.339 -12.477
779 -0.100 -0.199 -0.268 -0.294  12.293 -11.829
780 -0.091 -0.181 -0.269 -0.403  12.234 -15.793
781 -0.078 -0.156 -0.271 -0.441  12.167 -17.624
782 -0.065 -0.130 -0.273 -0.471  12.093 -19.264
783 -0.052 -0.105 -0.275 -0.492  12.017 -19.491
784 -0.042 -0.084 -0.276 -0.389  11.941 -18.382
785 -0.033 -0.065 -0.277 -0.180  11.886 -13.754
786 -0.025 -0.051 -0.278 -0.268  11.822 -17.278
787 -0.019 -0.039 -0.279 -0.341  11.750 -18.766
788 -0.014 -0.029 -0.280 -0.354  11.675 -19.842
789 -0.011 -0.022 -0.282 -0.336  11.600 -19.402
790 -0.008 -0.017 -0.283 -0.202  11.532 -16.314
791 -0.006 -0.012 -0.283 -0.058  11.480 -12.970
792 -0.004 -0.009 -0.284 -0.186  11.421 -15.342
793 -0.003 -0.007 -0.285 -0.228  11.362 -14.703
794 -0.002 -0.005 -0.285 -0.148  11.304 -14.955
795 -0.001 -0.003 -0.286 -0.141  11.250 -13.309
796 -0.001 -0.002 -0.286 -0.161  11.201 -12.691
797 -0.001 -0.002 -0.287 -0.165  11.152 -12.512
798 -0.000 -0.001 -0.287 -0.107  11.103 -12.874
799 -0.000 -0.001 -0.288 -0.127  11.052 -12.581
800 -0.018 -0.018 -0.288 -0.077  11.005 -11.967
801 -0.043 -0.043 -0.288 -0.030  10.962 -10.019
802 -0.069 -0.070 -0.288 -0.037  10.928 -8.388
803 -0.094 -0.094 -0.289 -0.066  10.892 -9.984
804 -0.116 -0.116 -0.289 -0.050  10.848 -10.875
805 -0.134 -0.134 -0.289 -0.029  10.813 -8.833
806 -0.149 -0.149 -0.289 -0.002  10.784 -8.547
807 -0.160 -0.160 -0.289 -0.045  10.750 -8.304
808 -0.170 -0.170 -0.289 -0.083  10.714 -9.072
809 -0.177 -0.177 -0.290 -0.071  10.679 -8.598
810 -0.183 -0.183 -0.290 -0.134  10.648 -8.008
811 -0.187 -0.187 -0.291 -0.141  10.615 -8.918
812 -0.190 -0.190 -0.291 -0.115  10.582 -8.458
813 -0.192 -0.192 -0.292 -0.159  10.552 -7.461
814 -0.194 -0.194 -0.293 -0.226  10.518 -8.884
815 -0.196 -0.196 -0.294 -0.294  10.478 -10.566
816 -0.197 -0.197 -0.295 -0.297  10.439 -9.798
817 -0.197 -0.197 -0.296 -0.268  10.406 -8.910
818 -0.198 -0.198 -0.297 -0.348  10.369 -9.946
819 -0.198 -0.198 -0.299 -0.412  10.327 -11.384
820 -0.172 -0.199 -0.300 -0.492  10.281 -11.942
821 -0.134 -0.199 -0.302 -0.387  10.241 -9.163
822 -0.095 -0.199 -0.303 -0.319  10.214 -6.709
823 -0.058 -0.199 -0.305 -0.438  10.187 -7.267
824 -0.025 -0.199 -0.307 -0.480  10.149 -10.545
825  0.001 -0.199 -0.309 -0.575  10.104 -12.137
826  0.023 -0.199 -0.311 -0.612  10.055 -13.523
827  0.041 -0.199 -0.314 -0.614  10.005 -12.919
828  0.055 -0.199 -0.315 -0.336  9.975 -5.842
829  0.066 -0.199 -0.317 -0.361  9.952 -6.227
830  0.074 -0.199 -0.318 -0.470  9.919 -9.235
831  0.080 -0.199 -0.320 -0.516  9.879 -10.225
832  0.085 -0.199 -0.322 -0.531  9.835 -11.661
833  0.089 -0.199 -0.325 -0.533  9.790 -11.727
834  0.092 -0.199 -0.326 -0.332  9.759 -6.874
835  0.094 -0.199 -0.327 -0.371  9.728 -8.321
836  0.095 -0.199 -0.329 -0.355  9.695 -9.041
837  0.096 -0.199 -0.330 -0.315  9.662 -8.618
838  0.097 -0.199 -0.331 -0.304  9.628 -8.916
839  0.098 -0.199 -0.332 -0.307  9.588 -10.856
840  0.080 -0.172 -0.333 -0.235  9.548 -9.761
841  0.055 -0.135 -0.334 -0.235  9.509 -10.046
842  0.029 -0.095 -0.335 -0.190  9.467 -10.863
843  0.005 -0.058 -0.336 -0.166  9.424 -10.770
844 -0.016 -0.026 -0.336 -0.165  9.380 -11.141
845 -0.034  0.001 -0.337 -0.076  9.334 -11.893
846 -0.049  0.023 -0.337 -0.040  9.284 -12.534
847 -0.060  0.041 -0.337 -0.090  9.235 -12.255
848 -0.070  0.055 -0.337 -0.070  9.187 -12.497
849 -0.077  0.066 -0.337 -0.001  9.138 -12.937
850 -0.083  0.074 -0.337 -0.036  9.087 -13.090
851 -0.087  0.080 -0.337 -0.009  9.039 -12.221
852 -0.090  0.085 -0.337  0.014  8.992 -12.047
853 -0.092  0.089 -0.337  0.023  8.947 -11.936
854 -0.094  0.092 -0.337  0.022  8.902 -11.403
855 -0.096  0.094 -0.337  0.041  8.860 -10.347
856 -0.097  0.095 -0.337  0.032  8.818 -10.615
857 -0.097  0.096 -0.337  0.038  8.778 -9.655
858 -0.098  0.097 -0.337  0.047  8.740 -9.240
859 -0.098  0.098 -0.336  0.038  8.705 -8.486
860 -0.099  0.089 -0.336  0.045  8.671 -8.589
861 -0.099  0.077 -0.336  0.045  8.641 -7.358
862 -0.099  0.064 -0.336  0.064  8.616 -6.358
863 -0.099  0.052 -0.336  0.070  8.596 -4.646
864 -0.099  0.041 -0.336  0.039  8.578 -4.555
865 -0.099  0.032 -0.336 -0.008  8.560 -4.553
866 -0.099  0.025 -0.336 -0.028  8.544 -3.995
867 -0.099  0.019 -0.336 -0.023  8.529 -3.984
868 -0.099  0.014 -0.336 -0.049  8.517 -3.091
869 -0.099  0.011 -0.336 -0.032  8.509 -1.874
870 -0.099  0.008 -0.336 -0.041  8.504 -1.191
871 -0.099  0.006 -0.337 -0.068  8.501 -0.621
872 -0.099  0.004 -0.337 -0.093  8.499 -0.350
873 -0.099  0.003 -0.337 -0.094  8.500  0.205
874 -0.099  0.002 -0.338 -0.115  8.504  1.446
875 -0.099  0.001 -0.338 -0.127  8.512  2.170
876 -0.099  0.001 -0.339 -0.142  8.522  2.356
877 -0.099  0.001 -0.339 -0.180  8.533  3.203
878 -0.099  0.000 -0.340 -0.195  8.545  2.975
879 -0.099  0.000 -0.341 -0.215  8.559  3.980
880 -0.099  0.009 -0.342 -0.215  8.575  4.047
881 -0.099  0.021 -0.343 -0.255  8.592  4.742
882 -0.099  0.035 -0.344 -0.270  8.610  4.557
883 -0.099  0.047 -0.345 -0.303  8.627  4.065
884 -0.099  0.058 -0.346 -0.295  8.643  4.038
885 -0.099  0.067 -0.347 -0.320  8.661  4.544
886 -0.099  0.074 -0.349 -0.329  8.682  5.548
887 -0.099  0.080 -0.350 -0.331  8.702  5.575
888 -0.099  0.085 -0.351 -0.353  8.724  6.209
889 -0.099  0.088 -0.353 -0.372  8.747  5.773
890 -0.099  0.091 -0.354 -0.383  8.768  5.256
891 -0.099  0.093 -0.356 -0.400  8.791  6.120
892 -0.099  0.095 -0.357 -0.399  8.817  6.808
893 -0.099  0.096 -0.359 -0.401  8.843  7.286
894 -0.099  0.097 -0.360 -0.400  8.869  6.839
895 -0.099  0.098 -0.362 -0.392  8.896  7.154
896 -0.099  0.098 -0.363 -0.354  8.926  8.083
897 -0.099  0.098 -0.365 -0.332  8.959  8.446
898 -0.099  0.099 -0.366 -0.375  8.989  7.392
899 -0.099  0.099 -0.368 -0.403  9.017  7.399
900 -0.072  0.090 -0.369 -0.419  9.047  7.938
901 -0.035  0.078 -0.371 -0.425  9.075  7.141
902  0.004  0.064 -0.372 -0.448  9.101  6.874
903  0.041  0.052 -0.374 -0.430  9.128  7.510
904  0.073  0.041 -0.376 -0.402  9.159  8.498
905  0.101  0.032 -0.377 -0.421  9.190  8.183
906  0.123  0.025 -0.379 -0.401  9.222  8.493
907  0.141  0.019 -0.380 -0.372  9.255  8.537
908  0.155  0.014 -0.382 -0.345  9.291  9.211
909  0.166  0.011 -0.383 -0.353  9.326  8.875
910  0.174  0.008 -0.384 -0.376  9.357  7.987
911  0.180  0.006 -0.386 -0.331  9.388  7.969
912  0.185  0.004 -0.387 -0.312  9.419  7.970
913  0.189  0.003 -0.388 -0.246  9.450  7.676
914  0.192  0.002 -0.389 -0.230  9.482  8.098
915  0.194  0.001 -0.390 -0.212  9.510  6.533
916  0.195  0.001 -0.391 -0.235  9.535  6.736
917  0.196  0.001 -0.391 -0.176  9.561  6.496
918  0.197  0.000 -0.392 -0.122  9.587  6.839
919  0.198  0.000 -0.392 -0.109  9.612  6.160
920  0.171  0.009 -0.392 -0.036  9.632  5.143
921  0.134  0.021 -0.392  0.021  9.651  4.768
922  0.094  0.035 -0.392  0.055  9.668  4.338
923  0.057  0.047 -0.392  0.157  9.680  2.732
924  0.025  0.058 -0.391  0.222  9.688  2.284
925 -0.001  0.067 -0.390  0.205  9.699  2.766
926 -0.023  0.074 -0.389  0.233  9.711  3.047
927 -0.041  0.080 -0.388  0.214  9.724  3.704
928 -0.055  0.085 -0.387  0.217  9.741  4.434
929 -0.066  0.088 -0.386  0.264  9.758  4.550
930 -0.074  0.091 -0.385  0.283  9.778  5.246
931 -0.080  0.093 -0.384  0.343  9.798  6.102
932 -0.085  0.095 -0.383  0.398  9.822  6.024
933 -0.089  0.096 -0.381  0.271  9.835  3.014
934 -0.092  0.097 -0.380  0.326  9.851  4.250
935 -0.094  0.098 -0.379  0.307  9.864  3.418
936 -0.095  0.098 -0.378  0.325  9.877  2.971
937 -0.096  0.098 -0.377  0.307  9.888  2.630
938 -0.097  0.099 -0.375  0.320  9.899  3.110
939 -0.098  0.099 -0.374  0.325  9.911  2.856
940 -0.107  0.108 -0.373  0.303  9.922  2.992
941 -0.120  0.121 -0.372  0.298  9.934  2.983
942 -0.134  0.134 -0.371  0.283  9.944  2.587
943 -0.146  0.147 -0.369  0.280  9.955  3.277
944 -0.157  0.157 -0.368  0.250  9.967  2.861
945 -0.166  0.166 -0.367  0.227  9.979  3.050
946 -0.174  0.174 -0.367  0.190  9.990  2.850
947 -0.180  0.180 -0.366  0.166  10.000  2.618
948 -0.184  0.185 -0.366  0.142  10.011  2.502
949 -0.188  0.188 -0.365  0.103  10.023  3.358
950 -0.191  0.191 -0.365  0.116  10.036  3.313
951 -0.193  0.193 -0.364  0.072  10.052  4.407
952 -0.195  0.195 -0.364  0.018  10.069  4.549
953 -0.196  0.196 -0.364 -0.087  10.083  3.257
954 -0.197  0.197 -0.365 -0.176  10.092  2.385
955 -0.198  0.198 -0.366 -0.251  10.102  2.766
956 -0.198  0.198 -0.367 -0.258  10.113  2.845
957 -0.198  0.198 -0.368 -0.278  10.131  5.081
958 -0.199  0.199 -0.369 -0.312  10.159  7.765
959 -0.199  0.199 -0.370 -0.311  10.192  8.621
960 -0.199  0.163 -0.372 -0.367  10.229  9.654
961 -0.199  0.113 -0.373 -0.440  10.267  9.676
962 -0.199  0.060 -0.375 -0.514  10.309  11.266
963 -0.199  0.011 -0.377 -0.499  10.353  11.282
964 -0.199 -0.032 -0.379 -0.383  10.396  11.192
965 -0.199 -0.068 -0.380 -0.364  10.438  10.404
966 -0.199 -0.097 -0.382 -0.426  10.475  9.709
967 -0.199 -0.121 -0.384 -0.567  10.513  9.676
968 -0.199 -0.140 -0.386 -0.599  10.549  9.240
969 -0.199 -0.154 -0.389 -0.650  10.585  9.380
970 -0.199 -0.166 -0.391 -0.691  10.622  9.671
971 -0.199 -0.174 -0.394 -0.511  10.654  7.579
972 -0.199 -0.181 -0.395 -0.353  10.699  12.237
973 -0.199 -0.185 -0.397 -0.519  10.737  9.167
974 -0.199 -0.189 -0.400 -0.719  10.764  6.793
975 -0.199 -0.192 -0.403 -0.839  10.778  3.344
976 -0.199 -0.194 -0.406 -0.826  10.781  0.777
977 -0.199 -0.195 -0.409 -0.721  10.786  2.277
978 -0.199 -0.196 -0.411 -0.567  10.812  7.157
979 -0.199 -0.197 -0.414 -0.707  10.828  3.510
980 -0.181 -0.162 -0.417 -0.862  10.828 -0.258
981 -0.156 -0.112 -0.421 -0.996  10.817 -2.917
982 -0.130 -0.059 -0.425 -1.023  10.802 -4.494
983 -0.105 -0.010 -0.429 -1.034  10.778 -6.295
984 -0.084  0.032 -0.433 -0.994  10.754 -6.887
985 -0.065  0.068 -0.436 -0.769  10.741 -2.269
986 -0.051  0.098 -0.438 -0.529  10.756  4.099
987 -0.039  0.121 -0.440 -0.635  10.766  2.011
988 -0.029  0.140 -0.443 -0.710  10.766  0.013
989 -0.022  0.154 -0.446 -0.775  10.760 -1.221
990 -0.017  0.166 -0.449 -0.791  10.751 -2.690
991 -0.012  0.174 -0.452 -0.750  10.741 -2.842
992 -0.009  0.181 -0.455 -0.731  10.730 -3.145
993 -0.007  0.185 -0.458 -0.708  10.724 -1.267
994 -0.005  0.189 -0.460 -0.617  10.724  0.303
995 -0.003  0.192 -0.462 -0.431  10.737  4.250
996 -0.002  0.194 -0.463 -0.408  10.761  5.885
997 -0.002  0.195 -0.465 -0.424  10.782  5.426
998 -0.001  0.196 -0.467 -0.392  10.805  6.124
999 -0.001  0.197 -0.468 -0.390  10.828  5.752
1000 -0.009  0.198 -0.470 -0.337  10.853  6.566
1001 -0.022  0.198 -0.471 -0.256  10.882  7.870
1002 -0.035  0.199 -0.471 -0.209  10.915  8.506
1003 -0.047  0.199 -0.473 -0.295  10.943  6.357
1004 -0.058  0.199 -0.474 -0.309  10.964  5.652
1005 -0.067  0.199 -0.475 -0.247  10.991  7.225
1006 -0.074  0.199 -0.476 -0.174  11.024  8.435
1007 -0.080  0.199 -0.476 -0.192  11.058  8.224
1008 -0.085  0.199 -0.477 -0.212  11.088  7.443
1009 -0.088  0.199 -0.478 -0.250  11.116  6.781
1010 -0.091  0.199 -0.479 -0.263  11.143  7.145
1011 -0.093  0.199 -0.480 -0.227  11.171  7.293
1012 -0.095  0.199 -0.481 -0.182  11.200  7.753
1013 -0.096  0.199 -0.481 -0.125  11.234  8.943
1014 -0.097  0.199 -0.482 -0.141  11.272  9.262
1015 -0.098  0.199 -0.482 -0.217  11.303  8.002
1016 -0.098  0.199 -0.483 -0.191  11.335  8.709
1017 -0.098  0.199 -0.484 -0.147  11.373  9.799
1018 -0.099  0.199 -0.484 -0.078  11.420  12.563
1019 -0.099  0.199 -0.484 -0.076  11.466  11.855
1020 -0.090  0.190 -0.485 -0.165  11.510  11.158
1021 -0.078  0.178 -0.486 -0.161  11.554  11.537
1022 -0.064  0.165 -0.486 -0.098  11.600  11.438
1023 -0.052  0.152 -0.487 -0.209  11.641  9.825
1024 -0.041  0.142 -0.487 -0.158  11.684  11.195
1025 -0.032  0.132 -0.488 -0.178  11.731  12.255
1026 -0.025  0.125 -0.489 -0.107  11.782  13.606
1027 -0.019  0.119 -0.489 -0.140  11.834  12.424
1028 -0.014  0.114 -0.490 -0.189  11.879  11.424
1029 -0.011  0.111 -0.490 -0.129  11.930  13.843
1030 -0.008  0.108 -0.491 -0.115  11.987  14.577
1031 -0.006  0.106 -0.491 -0.084  12.048  15.922
1032 -0.004  0.104 -0.492 -0.098  12.108  14.409
1033 -0.003  0.103 -0.492 -0.172  12.155  11.927
1034 -0.002  0.102 -0.493 -0.198  12.211  14.641
1035 -0.001  0.101 -0.494 -0.150  12.270  14.758
1036 -0.001  0.101 -0.494 -0.172  12.323  13.200
1037 -0.001  0.101 -0.495 -0.147  12.378  14.122
1038 -0.000  0.100 -0.495 -0.108  12.435  14.572
1039 -0.000  0.100 -0.496 -0.077  12.494  15.347
1040 -0.000  0.073 -0.496 -0.048  12.554  15.506
1041 -0.000  0.035 -0.496 -0.089  12.607  13.536
1042 -0.000 -0.004 -0.496 -0.089  12.659  13.455
1043 -0.000 -0.041 -0.497 -0.104  12.709  12.479
1044 -0.000 -0.073 -0.497 -0.104  12.758  12.734
1045 -0.000 -0.101 -0.498 -0.099  12.806  11.953
1046 -0.000 -0.123 -0.498 -0.090  12.854  12.306
1047 -0.000 -0.141 -0.498 -0.067  12.900  11.304
1048 -0.000 -0.155 -0.498 -0.071  12.945  10.809
1049 -0.000 -0.166 -0.499 -0.071  12.988  10.794
1050 -0.000 -0.174 -0.499 -0.094  13.028  9.985
1051 -0.000 -0.180 -0.499 -0.102  13.062  8.018
1052 -0.000 -0.185 -0.500 -0.135  13.091  7.058
1053 -0.000 -0.189 -0.500 -0.029  13.119  7.693
1054 -0.000 -0.192 -0.500 -0.039  13.151  8.123
1055 -0.000 -0.194 -0.501 -0.135  13.173  4.942
1056 -0.000 -0.195 -0.501 -0.179  13.186  3.661
1057 -0.000 -0.196 -0.502 -0.189  13.196  2.342
1058 -0.000 -0.197 -0.503 -0.167  13.202  1.372
1059 -0.000 -0.198 -0.503 -0.054  13.210  2.100
1060 -0.000 -0.162 -0.503  0.006  13.220  2.393
1061 -0.000 -0.112 -0.503 -0.101  13.223  0.316
1062 -0.000 -0.060 -0.504 -0.170  13.216 -1.803
1063 -0.000 -0.010 -0.505 -0.180  13.202 -3.888
1064 -0.000  0.032 -0.505 -0.073  13.187 -3.994
1065 -0.000  0.068 -0.505  0.076  13.175 -2.652
1066 -0.000  0.098 -0.505  0.004  13.165 -2.834
1067 -0.000  0.121 -0.505 -0.002  13.153 -3.283
1068 -0.000  0.140 -0.505 -0.101  13.131 -5.832
1069 -0.000  0.154 -0.506 -0.136  13.099 -8.455
1070 -0.000  0.166 -0.506  0.035  13.078 -3.880
1071 -0.000  0.174 -0.506  0.032  13.060 -4.750
1072 -0.000  0.181 -0.505  0.041  13.041 -4.678
1073 -0.000  0.185 -0.505  0.047  13.022 -4.557
1074 -0.000  0.189 -0.505  0.047  13.002 -4.909
1075 -0.000  0.192 -0.505  0.032  12.983 -4.591
1076 -0.000  0.194 -0.505  0.045  12.964 -5.022
1077 -0.000  0.195 -0.505  0.032  12.944 -5.037
1078 -0.000  0.196 -0.504  0.061  12.926 -4.563
1079 -0.000  0.197 -0.504  0.037  12.908 -4.596
1080 -0.000  0.189 -0.504  0.063  12.892 -3.995
1081 -0.000  0.177 -0.504  0.047  12.877 -3.732
1082 -0.000  0.164 -0.504  0.047  12.864 -2.713
1083 -0.000  0.152 -0.503  0.068  12.854 -2.772
1084 -0.000  0.141 -0.503  0.072  12.845 -2.285
1085 -0.000  0.132 -0.503  0.070  12.839 -1.719
1086 -0.000  0.125 -0.503  0.055  12.834 -1.157
1087 -0.000  0.119 -0.502  0.070  12.831 -0.651
1088 -0.000  0.114 -0.502  0.059  12.829 -0.134
1089 -0.000  0.111 -0.502  0.070  12.829  0.434
1090 -0.000  0.108 -0.501  0.085  12.833  1.298
1091 -0.000  0.106 -0.501  0.075  12.839  1.302
1092 -0.000  0.104 -0.501  0.047  12.845  1.680
1093 -0.000  0.103 -0.501  0.046  12.853  2.237
1094 -0.000  0.102 -0.501  0.024  12.862  2.277
1095 -0.000  0.101 -0.501  0.046  12.873  2.489
1096 -0.000  0.101 -0.500  0.025  12.884  2.838
1097 -0.000  0.101 -0.500  0.023  12.899  3.839
1098 -0.000  0.100 -0.500  0.019  12.914  3.993
1099 -0.000  0.100 -0.500  0.014  12.932  4.691
1100  0.009  0.082 -0.500  0.025  12.953  5.634
1101  0.021  0.057 -0.500  0.029  12.976  5.691
1102  0.034  0.030 -0.500  0.010  13.000  6.647
1103  0.047  0.005 -0.500  0.003  13.027  6.825
1104  0.057 -0.015 -0.500  0.029  13.054  6.831
1105  0.067 -0.034 -0.499  0.069  13.085  8.173
1106  0.074 -0.048 -0.499  0.069  13.117  7.949
1107  0.080 -0.060 -0.499  0.038  13.148  7.492
1108  0.085 -0.070 -0.499  0.013  13.178  7.401
1109  0.088 -0.077 -0.499  0.022  13.208  7.296
1110  0.091 -0.082 -0.499  0.018  13.238  7.929
1111  0.093 -0.087 -0.499  0.038  13.269  7.481
1112  0.095 -0.090 -0.499  0.016  13.299  7.805
1113  0.096 -0.092 -0.499  0.034  13.328  7.140
1114  0.097 -0.094 -0.498  0.024  13.358  7.396
1115  0.098 -0.096 -0.498  0.032  13.389  7.737
1116  0.098 -0.097 -0.498  0.055  13.417  7.414
1117  0.098 -0.097 -0.498  0.062  13.445  7.044
1118  0.099 -0.098 -0.498  0.044  13.471  6.305
1119  0.099 -0.098 -0.497  0.089  13.493  5.787
1120  0.099 -0.081 -0.497  0.092  13.517  6.245
1121  0.099 -0.056 -0.497  0.094  13.540  5.720
1122  0.099 -0.029 -0.496  0.121  13.561  5.176
1123  0.099 -0.005 -0.496  0.123  13.580  4.920
1124  0.099  0.016 -0.495  0.137  13.596  4.123
1125  0.099  0.034 -0.495  0.167  13.610  3.439
1126  0.099  0.049 -0.494  0.176  13.623  3.063
1127  0.099  0.060 -0.493  0.188  13.634  2.983
1128  0.099  0.070 -0.492  0.196  13.643  1.978
1129  0.099  0.077 -0.492  0.211  13.651  1.858
1130  0.099  0.083 -0.491  0.212  13.657  1.710
1131  0.099  0.087 -0.490  0.233  13.663  1.157
1132  0.099  0.090 -0.489  0.236  13.668  1.158
1133  0.099  0.092 -0.488  0.249  13.670  0.589
1134  0.099  0.094 -0.487  0.259  13.674  0.581
1135  0.099  0.096 -0.486  0.254  13.676  0.568
1136  0.099  0.097 -0.485  0.259  13.677  0.023
1137  0.099  0.097 -0.484  0.297  13.680  0.927
1138  0.099  0.098 -0.482  0.307  13.682  0.694
1139  0.099  0.098 -0.481  0.293  13.683 -0.031
1140  0.099  0.090 -0.480  0.286  13.683  0.198
1141  0.099  0.077 -0.479  0.290  13.684  0.303
1142  0.099  0.064 -0.478  0.301  13.686  0.360
1143  0.099  0.052 -0.476  0.384  13.690  1.430
1144  0.099  0.041 -0.475  0.342  13.694  0.782
1145  0.099  0.032 -0.474  0.348  13.695  0.368
1146  0.099  0.025 -0.472  0.353  13.698  0.568
1147  0.099  0.019 -0.471  0.326  13.700  0.587
1148  0.099  0.014 -0.470  0.350  13.706  1.172
1149  0.099  0.011 -0.468  0.354  13.712  1.896
1150  0.099  0.008 -0.466  0.402  13.720  2.269
1151  0.099  0.006 -0.465  0.365  13.724  1.168
1152  0.099  0.004 -0.464  0.366  13.728  1.140
1153  0.099  0.003 -0.462  0.381  13.733  1.330
1154  0.099  0.002 -0.461  0.365  13.738  1.140
1155  0.099  0.001 -0.459  0.355  13.745  1.679
1156  0.099  0.001 -0.458  0.390  13.750  1.703
1157  0.099  0.001 -0.456  0.374  13.756  1.149
1158  0.099  0.000 -0.455  0.370  13.762  1.653
1159  0.099  0.000 -0.453  0.390  13.768  1.705
1160  0.108 -0.008 -0.452  0.408  13.776  2.245
1161  0.121 -0.021 -0.450  0.423  13.786  2.252
1162  0.134 -0.034 -0.449  0.399  13.792  1.664
1163  0.147 -0.047 -0.447  0.378  13.799  1.698
1164  0.157 -0.057 -0.446  0.373  13.805  1.643
1165  0.167 -0.066 -0.444  0.370  13.811  1.707
1166  0.174 -0.074 -0.443  0.377  13.816  1.509
1167  0.180 -0.080 -0.441  0.369  13.822  1.181
1168  0.185 -0.085 -0.440  0.388  13.828  1.688
1169  0.188 -0.088 -0.438  0.383  13.831  1.148
1170  0.191 -0.091 -0.437  0.396  13.835  0.703
1171  0.193 -0.093 -0.435  0.400  13.839  1.059
1172  0.195 -0.095 -0.433  0.434  13.843  0.598
1173  0.196 -0.096 -0.432  0.405  13.845  0.349
1174  0.197 -0.097 -0.430  0.439  13.845  0.443
1175  0.198 -0.098 -0.428  0.446  13.844 -0.427
1176  0.198 -0.098 -0.427  0.449  13.844 -0.014
1177  0.198 -0.098 -0.425  0.448  13.842 -0.557
1178  0.199 -0.099 -0.423  0.452  13.838 -1.007
1179  0.199 -0.099 -0.421  0.472  13.832 -1.238
1180  0.190 -0.090 -0.419  0.493  13.826 -1.709
1181  0.178 -0.078 -0.418  0.475  13.819 -2.142
1182  0.164 -0.064 -0.416  0.498  13.810 -2.930
1183  0.152 -0.052 -0.413  0.553  13.797 -3.583
1184  0.141 -0.041 -0.411  0.522  13.785 -2.931
1185  0.132 -0.032 -0.409  0.518  13.773 -3.204
1186  0.125 -0.025 -0.407  0.543  13.759 -3.594
1187  0.119 -0.019 -0.405  0.532  13.745 -3.720
1188  0.114 -0.014 -0.403  0.563  13.731 -3.661
1189  0.111 -0.011 -0.401  0.588  13.715 -4.110
1190  0.108 -0.008 -0.399  0.583  13.698 -4.423
1191  0.106 -0.006 -0.396  0.562  13.680 -4.552
1192  0.104 -0.004 -0.394  0.604  13.661 -5.448
1193  0.103 -0.003 -0.392  0.608  13.640 -5.156
1194  0.102 -0.002 -0.390  0.558  13.621 -4.636
1195  0.101 -0.001 -0.387  0.560  13.602 -4.674
1196  0.101 -0.001 -0.385  0.534  13.583 -5.162
1197  0.101 -0.001 -0.383  0.541  13.563 -5.156
1198  0.100 -0.000 -0.381  0.540  13.544 -5.156
1199  0.100 -0.000 -0.379  0.522  13.526 -4.792
1200  0.100 -0.000 -0.377  0.524  13.506 -5.396
1201  0.100 -0.000 -0.375  0.500  13.487 -5.263
1202  0.100 -0.000 -0.373  0.481  13.468 -5.159
1203  0.100 -0.000 -0.371  0.472  13.448 -4.964
1204  0.100 -0.000 -0.369  0.490  13.431 -4.342
1205  0.100 -0.000 -0.367  0.474  13.413 -4.666
1206  0.100 -0.000 -0.366  0.472  13.395 -4.994
1207  0.100 -0.000 -0.364  0.450  13.377 -5.031
1208  0.100 -0.000 -0.362  0.432  13.358 -4.736
1209  0.100 -0.000 -0.360  0.461  13.341 -4.557
1210  0.100 -0.000 -0.359  0.406  13.323 -4.992
1211  0.100 -0.000 -0.357  0.424  13.307 -4.131
1212  0.100 -0.000 -0.355  0.388  13.292 -3.594
1213  0.100 -0.000 -0.354  0.393  13.276 -4.394
1214  0.100 -0.000 -0.352  0.378  13.260 -4.550
1215  0.100 -0.000 -0.351  0.344  13.248 -2.917
1216  0.100 -0.000 -0.350  0.301  13.239 -2.290
1217  0.100 -0.000 -0.348  0.340  13.226 -3.877
1218  0.100 -0.000 -0.347  0.342  13.213 -3.399
1219  0.100 -0.000 -0.346  0.310  13.202 -2.592
1220  0.091  0.017 -0.345  0.321  13.193 -2.290
1221  0.078  0.043 -0.343  0.330  13.182 -2.900
1222  0.065  0.069 -0.342  0.326  13.171 -2.865
1223  0.052  0.094 -0.341  0.287  13.162 -2.618
1224  0.042  0.115 -0.340  0.280  13.154 -1.811
1225  0.032  0.134 -0.339  0.300  13.145 -2.352
1226  0.025  0.148 -0.338  0.282  13.138 -1.759
1227  0.019  0.160 -0.336  0.260  13.133 -1.268
1228  0.014  0.170 -0.335  0.259  13.131 -0.585
1229  0.011  0.177 -0.334  0.259  13.127 -0.764
1230  0.008  0.182 -0.333  0.239  13.128  0.757
1231  0.006  0.187 -0.333  0.197  13.135  1.870
1232  0.004  0.190 -0.332  0.189  13.145  2.706
1233  0.003  0.192 -0.331  0.187  13.154  2.169
1234  0.002  0.194 -0.330  0.211  13.164  3.147
1235  0.001  0.196 -0.330  0.188  13.182  4.926
1236  0.001  0.197 -0.329  0.103  13.202  4.633
1237  0.001  0.197 -0.329  0.114  13.223  5.645
1238  0.000  0.198 -0.328  0.149  13.246  5.912
1239  0.000  0.198 -0.328  0.105  13.272  6.859
1240  0.009  0.163 -0.327  0.027  13.303  8.046
1241  0.021  0.113 -0.327  0.027  13.339  8.732
1242  0.035  0.060 -0.327  0.045  13.374  8.657
1243  0.047  0.010 -0.327  0.079  13.406  8.313
1244  0.058 -0.032 -0.326  0.134  13.437  9.050
1245  0.067 -0.068 -0.325  0.352  13.476  10.606
1246  0.074 -0.098 -0.324  0.341  13.529  14.352
1247  0.080 -0.121 -0.323  0.087  13.587  14.066
1248  0.085 -0.140 -0.324 -0.082  13.635  12.304
1249  0.088 -0.154 -0.323  0.115  13.677  9.694