0  0.013 -0.054  0.000  0.000 -0.014 -0.001
1  0.032 -0.129  0.000  0.000 -0.015 -0.353
2  0.052 -0.208  0.000  0.000 -0.016 -0.368
3  0.070 -0.283  0.000  0.023 -0.019 -0.565
4  0.086 -0.347  0.000  0.026 -0.026 -1.642
5  0.100 -0.402  0.000  0.036 -0.037 -2.618
6  0.111 -0.446  0.001  0.058 -0.052 -4.242
7  0.120 -0.482  0.001  0.027 -0.075 -6.043
8  0.127 -0.510  0.001  0.061 -0.105 -7.894
9  0.133 -0.532  0.001  0.087 -0.142 -9.429
10  0.137 -0.548  0.002  0.112 -0.186 -11.725
11  0.140 -0.561  0.002  0.118 -0.235 -12.906
12  0.142 -0.571  0.003  0.108 -0.290 -14.874
13  0.144 -0.578  0.003  0.093 -0.356 -17.144
14  0.146 -0.584  0.003  0.058 -0.427 -18.833
15  0.147 -0.588  0.004  0.102 -0.504 -19.343
16  0.147 -0.591  0.004  0.100 -0.586 -20.960
17  0.148 -0.593  0.004  0.088 -0.678 -23.840
18  0.148 -0.595  0.005  0.102 -0.772 -22.999
19  0.149 -0.596  0.005  0.187 -0.861 -22.774
20  0.122 -0.597  0.006  0.147 -0.959 -25.168
21  0.084 -0.598  0.007  0.181 -1.061 -26.084
22  0.045 -0.598  0.007  0.112 -1.174 -28.455
23  0.008 -0.599  0.008  0.157 -1.284 -27.516
24 -0.024 -0.599  0.008  0.113 -1.392 -28.724
25 -0.051 -0.599  0.008  0.014 -1.512 -32.190
26 -0.073 -0.599  0.009  0.115 -1.626 -29.317
27 -0.091 -0.599  0.009  0.088 -1.740 -30.517
28 -0.105 -0.599  0.009 -0.011 -1.848 -32.238
29 -0.116 -0.599  0.010  0.123 -1.963 -27.545
30 -0.124 -0.599  0.010  0.059 -2.078 -28.336
31 -0.130 -0.599  0.010  0.059 -2.198 -29.686
32 -0.135 -0.599  0.010  0.117 -2.308 -27.762
33 -0.139 -0.599  0.010 -0.031 -2.429 -30.528
34 -0.142 -0.599  0.010  0.033 -2.548 -28.948
35 -0.144 -0.599  0.011  0.076 -2.659 -28.216
36 -0.145 -0.599  0.011 -0.038 -2.784 -32.039
37 -0.146 -0.599  0.011  0.002 -2.905 -29.794
38 -0.147 -0.599  0.011  0.039 -3.024 -29.728
39 -0.148 -0.599  0.011 -0.038 -3.145 -31.806
40 -0.108 -0.545  0.010 -0.161 -3.281 -36.334
41 -0.051 -0.470  0.010  0.038 -3.399 -30.037
42  0.007 -0.391  0.010 -0.032 -3.522 -32.707
43  0.062 -0.316  0.010  0.047 -3.645 -31.492
44  0.111 -0.252  0.011  0.150 -3.746 -25.532
45  0.152 -0.197  0.012  0.253 -3.842 -24.305
46  0.185 -0.153  0.013  0.268 -3.934 -22.956
47  0.211 -0.117  0.014  0.327 -4.019 -21.315
48  0.232 -0.089  0.015  0.387 -4.097 -19.666
49  0.249 -0.067  0.017  0.477 -4.167 -17.807
50  0.261 -0.051  0.019  0.484 -4.234 -17.047
51  0.271 -0.038  0.021  0.482 -4.301 -17.296
52  0.278 -0.028  0.023  0.579 -4.360 -14.997
53  0.284 -0.021  0.025  0.598 -4.415 -14.062
54  0.288 -0.015  0.027  0.613 -4.467 -13.314
55  0.291 -0.011  0.030  0.679 -4.513 -11.986
56  0.293 -0.008  0.033  0.735 -4.556 -10.612
57  0.295 -0.006  0.036  0.750 -4.596 -10.809
58  0.296 -0.004  0.038  0.687 -4.640 -11.691
59  0.297 -0.003  0.041  0.746 -4.679 -9.675
60  0.298 -0.029  0.044  0.815 -4.711 -8.599
61  0.298 -0.066  0.047  0.757 -4.745 -9.601
62  0.299 -0.105  0.050  0.776 -4.778 -8.446
63  0.299 -0.142  0.053  0.781 -4.810 -8.548
64  0.299 -0.174  0.056  0.798 -4.841 -8.213
65  0.299 -0.201  0.060  0.811 -4.872 -8.326
66  0.299 -0.223  0.063  0.795 -4.905 -8.851
67  0.299 -0.241  0.066  0.827 -4.938 -9.239
68  0.299 -0.255  0.069  0.850 -4.973 -9.231
69  0.299 -0.266  0.073  0.850 -5.009 -9.629
70  0.299 -0.274  0.076  0.856 -5.045 -9.626
71  0.299 -0.280  0.079  0.865 -5.085 -10.734
72  0.299 -0.285  0.082  0.896 -5.123 -9.413
73  0.299 -0.289  0.086  0.861 -5.161 -9.871
74  0.299 -0.292  0.089  0.874 -5.200 -10.231
75  0.299 -0.294  0.092  0.853 -5.239 -10.245
76  0.299 -0.295  0.096  0.892 -5.278 -10.026
77  0.299 -0.296  0.099  0.898 -5.319 -10.798
78  0.299 -0.297  0.103  0.902 -5.360 -10.814
79  0.299 -0.298  0.106  0.904 -5.402 -10.816
80  0.259 -0.298  0.110  0.904 -5.445 -11.373
81  0.202 -0.299  0.113  0.921 -5.488 -11.604
82  0.143 -0.299  0.117  0.878 -5.533 -12.135
83  0.087 -0.299  0.120  0.830 -5.579 -12.411
84  0.039 -0.299  0.123  0.807 -5.624 -12.204
85 -0.001 -0.299  0.126  0.710 -5.675 -13.610
86 -0.035 -0.299  0.129  0.630 -5.735 -15.833
87 -0.061 -0.299  0.131  0.575 -5.796 -15.461
88 -0.082 -0.299  0.133  0.616 -5.848 -13.230
89 -0.099 -0.299  0.135  0.417 -5.911 -16.508
90 -0.111 -0.299  0.136  0.262 -5.977 -19.843
91 -0.121 -0.299  0.137  0.265 -6.054 -19.138
92 -0.128 -0.299  0.138  0.180 -6.130 -19.515
93 -0.134 -0.299  0.138  0.076 -6.214 -22.055
94 -0.138 -0.299  0.138  0.031 -6.300 -21.611
95 -0.141 -0.299  0.138  0.083 -6.377 -19.127
96 -0.143 -0.299  0.138 -0.016 -6.458 -21.184
97 -0.145 -0.299  0.138  0.022 -6.537 -20.046
98 -0.146 -0.299  0.138 -0.120 -6.621 -22.435
99 -0.147 -0.299  0.137 -0.200 -6.715 -23.842
100 -0.134 -0.326  0.137 -0.033 -6.795 -19.701
101 -0.116 -0.364  0.137 -0.031 -6.868 -19.022
102 -0.096 -0.404  0.137 -0.145 -6.951 -21.690
103 -0.078 -0.441  0.136 -0.020 -7.027 -18.469
104 -0.062 -0.473  0.136 -0.070 -7.102 -19.392
105 -0.049 -0.501  0.135 -0.221 -7.192 -23.815
106 -0.038 -0.523  0.135 -0.169 -7.287 -23.451
107 -0.029 -0.541  0.135  0.061 -7.363 -18.556
108 -0.022 -0.555  0.135  0.052 -7.438 -19.568
109 -0.016 -0.566  0.135  0.062 -7.521 -21.548
110 -0.012 -0.574  0.135  0.052 -7.603 -20.672
111 -0.009 -0.580  0.136 -0.012 -7.693 -23.108
112 -0.007 -0.585  0.135 -0.037 -7.791 -25.681
113 -0.005 -0.589  0.136  0.057 -7.885 -24.082
114 -0.003 -0.592  0.136  0.122 -7.972 -22.235
115 -0.002 -0.594  0.136  0.081 -8.070 -25.410
116 -0.002 -0.595  0.137  0.124 -8.160 -23.094
117 -0.001 -0.596  0.137  0.035 -8.259 -26.041
118 -0.001 -0.597  0.137 -0.100 -8.381 -31.230
119 -0.000 -0.598  0.136 -0.264 -8.513 -33.676
120  0.012 -0.517  0.136 -0.037 -8.636 -29.356
121  0.031 -0.404  0.136  0.088 -8.739 -25.439
122  0.051 -0.285  0.136  0.025 -8.848 -27.687
123  0.070 -0.174  0.136 -0.022 -8.965 -29.780
124  0.086 -0.077  0.136  0.154 -9.070 -24.134
125  0.100  0.003  0.138  0.369 -9.145 -18.990
126  0.111  0.070  0.139  0.418 -9.212 -16.483
127  0.120  0.123  0.141  0.405 -9.272 -15.765
128  0.127  0.165  0.143  0.393 -9.330 -14.522
129  0.133  0.198  0.144  0.476 -9.376 -11.623
130  0.137  0.223  0.146  0.556 -9.411 -8.475
131  0.140  0.242  0.148  0.475 -9.442 -8.298
132  0.142  0.257  0.150  0.495 -9.468 -6.386
133  0.144  0.268  0.152  0.516 -9.486 -4.636
134  0.146  0.276  0.154  0.523 -9.496 -2.187
135  0.147  0.282  0.156  0.437 -9.504 -2.118
136  0.147  0.287  0.158  0.443 -9.509 -1.172
137  0.148  0.290  0.160  0.488 -9.504  1.234
138  0.148  0.293  0.162  0.478 -9.495  2.368
139  0.149  0.294  0.163  0.410 -9.489  1.178
140  0.135  0.323  0.165  0.465 -9.477  3.567
141  0.117  0.362  0.167  0.452 -9.461  4.195
142  0.097  0.402  0.169  0.425 -9.443  4.545
143  0.078  0.440  0.170  0.448 -9.419  6.151
144  0.062  0.472  0.172  0.404 -9.392  7.172
145  0.049  0.500  0.173  0.379 -9.357  9.142
146  0.038  0.522  0.175  0.368 -9.317  10.704
147  0.029  0.540  0.176  0.311 -9.273  11.408
148  0.022  0.554  0.177  0.286 -9.223  12.877
149  0.016  0.565  0.178  0.247 -9.167  14.269
150  0.012  0.574  0.179  0.248 -9.098  17.532
151  0.009  0.580  0.180  0.297 -9.035  15.438
152  0.007  0.585  0.181  0.295 -8.962  19.143
153  0.005  0.589  0.182  0.346 -8.884  23.951
154  0.003  0.592  0.184  0.336 -8.803  19.618
155  0.002  0.594  0.185  0.265 -8.725  20.747
156  0.002  0.595  0.186  0.292 -8.642  21.845
157  0.001  0.596  0.187  0.218 -8.563  20.776
158  0.001  0.597  0.187  0.232 -8.479  22.450
159  0.000  0.598  0.188  0.240 -8.387  23.914
160 -0.012  0.517  0.189  0.214 -8.297  23.275
161 -0.031  0.404  0.190  0.211 -8.207  23.203
162 -0.051  0.285  0.191  0.209 -8.117  23.048
163 -0.070  0.174  0.192  0.212 -8.027  22.562
164 -0.086  0.077  0.192  0.194 -7.942  21.712
165 -0.100 -0.003  0.193  0.165 -7.861  20.330
166 -0.111 -0.070  0.194  0.165 -7.786  18.929
167 -0.120 -0.123  0.194  0.133 -7.718  17.215
168 -0.127 -0.165  0.195  0.182 -7.654  16.604
169 -0.133 -0.198  0.195  0.107 -7.599  13.337
170 -0.137 -0.223  0.195 -0.110 -7.568  6.578
171 -0.140 -0.242  0.194 -0.254 -7.558  1.829
172 -0.142 -0.257  0.193 -0.313 -7.560 -1.049
173 -0.144 -0.268  0.191 -0.392 -7.575 -4.234
174 -0.146 -0.276  0.190 -0.342 -7.592 -4.127
175 -0.147 -0.282  0.189 -0.284 -7.608 -4.233
176 -0.147 -0.287  0.187 -0.330 -7.631 -6.061
177 -0.148 -0.290  0.186 -0.328 -7.657 -6.808
178 -0.148 -0.293  0.185 -0.297 -7.684 -7.050
179 -0.149 -0.294  0.184 -0.373 -7.720 -9.490
180 -0.122 -0.242  0.182 -0.271 -7.754 -7.891
181 -0.084 -0.167  0.182 -0.255 -7.783 -7.378
182 -0.045 -0.089  0.180 -0.258 -7.814 -7.559
183 -0.008 -0.015  0.180 -0.073 -7.829 -2.753
184  0.024  0.048  0.180 -0.001 -7.834 -1.139
185  0.051  0.103  0.180 -0.007 -7.837 -0.649
186  0.073  0.147  0.180 -0.000 -7.838 -0.071
187  0.091  0.182  0.180  0.014 -7.837  0.353
188  0.105  0.210  0.180  0.023 -7.833  0.784
189  0.116  0.232  0.180  0.045 -7.827  1.568
190  0.124  0.249  0.180  0.066 -7.819  2.204
191  0.130  0.261  0.181  0.070 -7.808  2.826
192  0.135  0.271  0.181  0.093 -7.794  3.397
193  0.139  0.278  0.181  0.105 -7.778  3.946
194  0.142  0.284  0.182  0.135 -7.760  4.940
195  0.144  0.288  0.183  0.159 -7.737  5.599
196  0.145  0.291  0.183  0.185 -7.711  6.866
197  0.146  0.293  0.184  0.174 -7.684  6.851
198  0.147  0.295  0.185  0.187 -7.657  6.842
199  0.148  0.296  0.186  0.269 -7.624  8.935
200  0.162  0.270  0.187  0.286 -7.586  9.736
201  0.181  0.233  0.188  0.252 -7.551  9.323
202  0.201  0.194  0.189  0.273 -7.514  9.631
203  0.220  0.157  0.190  0.283 -7.479  9.118
204  0.236  0.125  0.191  0.326 -7.445  9.096
205  0.250  0.098  0.192  0.343 -7.411  9.045
206  0.261  0.076  0.194  0.354 -7.379  8.548
207  0.270  0.058  0.195  0.395 -7.348  7.769
208  0.277  0.044  0.197  0.419 -7.321  7.357
209  0.282  0.033  0.199  0.447 -7.294  7.260
210  0.287  0.025  0.201  0.463 -7.268  6.877
211  0.290  0.019  0.202  0.488 -7.243  6.357
212  0.292  0.014  0.204  0.523 -7.219  6.312
213  0.294  0.010  0.207  0.556 -7.197  5.612
214  0.296  0.007  0.209  0.588 -7.177  5.133
215  0.297  0.005  0.211  0.605 -7.159  4.552
216  0.297  0.004  0.213  0.634 -7.144  4.065
217  0.298  0.003  0.216  0.637 -7.129  3.568
218  0.298  0.002  0.218  0.649 -7.116  3.520
219  0.299  0.001  0.221  0.650 -7.105  3.159
220  0.258  0.028  0.223  0.670 -7.097  2.160
221  0.202  0.065  0.226  0.701 -7.088  2.324
222  0.142  0.105  0.229  0.682 -7.080  1.797
223  0.087  0.142  0.232  0.691 -7.073  2.394
224  0.038  0.174  0.234  0.643 -7.065  2.634
225 -0.001  0.201  0.237  0.615 -7.055  2.728
226 -0.035  0.223  0.239  0.581 -7.044  2.926
227 -0.061  0.241  0.241  0.534 -7.032  3.405
228 -0.082  0.255  0.243  0.493 -7.018  4.175
229 -0.099  0.266  0.245  0.477 -7.001  4.581
230 -0.111  0.274  0.246  0.385 -6.981  5.365
231 -0.121  0.280  0.248  0.368 -6.960  5.685
232 -0.128  0.285  0.249  0.295 -6.935  6.761
233 -0.134  0.289  0.250  0.255 -6.911  5.969
234 -0.138  0.292  0.251  0.191 -6.881  8.090
235 -0.141  0.294  0.252  0.196 -6.852  6.913
236 -0.143  0.295  0.252  0.148 -6.822  7.614
237 -0.145  0.296  0.253  0.141 -6.792  7.826
238 -0.146  0.297  0.253  0.096 -6.759  8.321
239 -0.147  0.298  0.254  0.068 -6.724  8.398
240 -0.121  0.217  0.254  0.033 -6.689  8.951
241 -0.083  0.104  0.254  0.023 -6.652  9.428
242 -0.044 -0.014  0.254  0.000 -6.616  9.095
243 -0.007 -0.125  0.254 -0.011 -6.583  8.556
244  0.024 -0.222  0.254 -0.017 -6.553  7.499
245  0.051 -0.303  0.254 -0.016 -6.530  5.347
246  0.073 -0.370  0.254 -0.029 -6.514  3.831
247  0.091 -0.423  0.253 -0.046 -6.508  0.919
248  0.105 -0.465  0.253 -0.029 -6.511 -0.874
249  0.116 -0.498  0.253 -0.023 -6.521 -2.690
250  0.124 -0.523  0.253 -0.023 -6.541 -5.744
251  0.130 -0.542  0.253  0.021 -6.568 -6.770
252  0.135 -0.557  0.253  0.068 -6.600 -8.581
253  0.139 -0.568  0.254  0.038 -6.645 -11.618
254  0.142 -0.576  0.254  0.002 -6.701 -14.900
255  0.144 -0.582  0.253 -0.084 -6.775 -19.872
256  0.145 -0.587  0.253  0.045 -6.847 -18.282
257  0.146 -0.590  0.254  0.131 -6.921 -18.975
258  0.147 -0.593  0.254  0.119 -7.001 -21.528
259  0.148 -0.594  0.255  0.097 -7.087 -22.656
260  0.121 -0.542  0.255  0.130 -7.180 -25.051
261  0.084 -0.467  0.256  0.082 -7.281 -27.188
262  0.044 -0.389  0.256  0.180 -7.377 -23.599
263  0.007 -0.315  0.257  0.248 -7.458 -20.408
264 -0.024 -0.251  0.258  0.219 -7.533 -18.619
265 -0.051 -0.196  0.259  0.183 -7.603 -16.741
266 -0.073 -0.152  0.259  0.147 -7.668 -16.679
267 -0.091 -0.117  0.260  0.121 -7.731 -15.918
268 -0.105 -0.089  0.260  0.136 -7.791 -14.910
269 -0.116 -0.067  0.261  0.118 -7.845 -13.635
270 -0.124 -0.050  0.261  0.066 -7.897 -13.433
271 -0.130 -0.038  0.261  0.083 -7.945 -11.764
272 -0.135 -0.028  0.262  0.050 -7.988 -11.111
273 -0.139 -0.021  0.262  0.024 -8.029 -10.367
274 -0.142 -0.015  0.262  0.023 -8.067 -9.698
275 -0.144 -0.011  0.262 -0.014 -8.101 -8.277
276 -0.145 -0.008  0.262 -0.038 -8.131 -7.755
277 -0.146 -0.006  0.261 -0.060 -8.159 -6.918
278 -0.147 -0.004  0.261 -0.088 -8.182 -6.477
279 -0.148 -0.003  0.261 -0.094 -8.205 -5.714
280 -0.135 -0.002  0.260 -0.125 -8.224 -5.133
281 -0.116 -0.001  0.260 -0.141 -8.241 -4.127
282 -0.097 -0.001  0.259 -0.141 -8.255 -3.442
283 -0.078 -0.000  0.259 -0.154 -8.267 -2.877
284 -0.062 -0.000  0.258 -0.162 -8.278 -2.846
285 -0.049 -0.000  0.257 -0.165 -8.286 -2.306
286 -0.038 -0.000  0.257 -0.142 -8.293 -1.200
287 -0.029 -0.000  0.256 -0.145 -8.298 -1.197
288 -0.022 -0.000  0.256 -0.154 -8.302 -1.139
289 -0.016 -0.000  0.255 -0.119 -8.303 -0.162
290 -0.012 -0.000  0.255 -0.118 -8.305 -0.548
291 -0.009 -0.000  0.254 -0.097 -8.305 -0.049
292 -0.007 -0.000  0.254 -0.094 -8.306 -0.136
293 -0.005 -0.000  0.254 -0.071 -8.306  0.009
294 -0.003 -0.000  0.253 -0.070 -8.306  0.538
295 -0.002 -0.000  0.253 -0.065 -8.305  0.022
296 -0.002 -0.000  0.253 -0.062 -8.305  0.000
297 -0.001 -0.000  0.253 -0.047 -8.305  0.000
298 -0.001 -0.000  0.252 -0.046 -8.305  0.000
299 -0.000 -0.000  0.252 -0.024 -8.306 -0.185
300  0.026  0.026  0.252 -0.020 -8.307 -0.030
301  0.064  0.064  0.252 -0.005 -8.307 -0.113
302  0.104  0.104  0.252 -0.000 -8.308 -0.002
303  0.141  0.141  0.252 -0.000 -8.308 -0.000
304  0.173  0.173  0.252  0.023 -8.307  0.549
305  0.201  0.201  0.252  0.045 -8.304  0.922
306  0.223  0.223  0.253  0.068 -8.299  1.488
307  0.241  0.241  0.253  0.093 -8.292  2.141
308  0.255  0.255  0.254  0.126 -8.281  2.792
309  0.266  0.266  0.254  0.178 -8.266  4.123
310  0.274  0.274  0.255  0.227 -8.247  5.388
311  0.280  0.280  0.256  0.301 -8.221  6.731
312  0.285  0.285  0.258  0.366 -8.191  7.907
313  0.289  0.289  0.259  0.355 -8.159  8.185
314  0.292  0.292  0.260  0.354 -8.128  7.889
315  0.294  0.294  0.262  0.354 -8.098  7.948
316  0.295  0.295  0.263  0.375 -8.067  7.956
317  0.296  0.296  0.265  0.413 -8.034  8.927
318  0.297  0.297  0.266  0.452 -7.997  9.795
319  0.298  0.298  0.268  0.490 -7.958  10.060
320  0.271  0.244  0.270  0.546 -7.916  11.469
321  0.234  0.169  0.272  0.530 -7.872  11.018
322  0.194  0.090  0.274  0.496 -7.837  9.019
323  0.157  0.016  0.276  0.496 -7.802  8.917
324  0.125 -0.048  0.278  0.487 -7.770  8.326
325  0.098 -0.102  0.280  0.465 -7.743  7.205
326  0.076 -0.147  0.282  0.448 -7.720  5.925
327  0.058 -0.182  0.283  0.428 -7.702  4.262
328  0.044 -0.210  0.285  0.410 -7.690  3.077
329  0.033 -0.232  0.286  0.387 -7.682  1.855
330  0.025 -0.249  0.288  0.384 -7.678  0.734
331  0.019 -0.261  0.289  0.329 -7.682 -1.274
332  0.014 -0.271  0.291  0.286 -7.694 -3.318
333  0.010 -0.278  0.292  0.326 -7.707 -3.469
334  0.007 -0.284  0.293  0.307 -7.724 -4.797
335  0.005 -0.288  0.294  0.285 -7.743 -5.116
336  0.004 -0.291  0.295  0.270 -7.764 -5.476
337  0.003 -0.293  0.296  0.229 -7.789 -6.934
338  0.002 -0.295  0.297  0.242 -7.817 -7.391
339  0.001 -0.296  0.298  0.241 -7.845 -6.880
340  0.028 -0.243  0.299  0.215 -7.875 -8.224
341  0.065 -0.168  0.299  0.167 -7.905 -8.527
342  0.105 -0.089  0.300  0.196 -7.938 -8.171
343  0.142 -0.015  0.301  0.249 -7.965 -6.725
344  0.174  0.048  0.302  0.261 -7.988 -6.051
345  0.201  0.102  0.303  0.259 -8.008 -5.141
346  0.223  0.147  0.304  0.287 -8.025 -4.218
347  0.241  0.182  0.305  0.328 -8.037 -2.949
348  0.255  0.210  0.307  0.381 -8.043 -1.232
349  0.266  0.232  0.308  0.378 -8.045 -0.101
350  0.274  0.249  0.310  0.420 -8.040  1.910
351  0.280  0.261  0.312  0.457 -8.030  3.404
352  0.285  0.271  0.314  0.491 -8.015  3.972
353  0.289  0.278  0.315  0.476 -7.998  4.888
354  0.292  0.284  0.317  0.452 -7.982  4.060
355  0.294  0.288  0.319  0.468 -7.965  4.370
356  0.295  0.291  0.321  0.495 -7.943  5.863
357  0.296  0.293  0.323  0.560 -7.918  6.803
358  0.297  0.295  0.325  0.500 -7.896  5.972
359  0.298  0.296  0.327  0.545 -7.869  7.616
360  0.285  0.243  0.330  0.632 -7.824  12.624
361  0.266  0.168  0.332  0.597 -7.768  15.236
362  0.247  0.089  0.334  0.504 -7.718  12.000
363  0.228  0.015  0.336  0.362 -7.681  8.714
364  0.212 -0.048  0.336  0.165 -7.666  2.673
365  0.199 -0.102  0.337  0.118 -7.663  0.346
366  0.188 -0.147  0.337  0.101 -7.665 -0.763
367  0.179 -0.182  0.337  0.051 -7.669 -0.776
368  0.172 -0.210  0.338  0.015 -7.672 -0.573
369  0.166 -0.232  0.338 -0.019 -7.674 -0.569
370  0.162 -0.249  0.337 -0.023 -7.676 -0.569
371  0.159 -0.261  0.337 -0.038 -7.679 -0.923
372  0.157 -0.271  0.337 -0.034 -7.683 -1.121
373  0.155 -0.278  0.337 -0.023 -7.687 -0.783
374  0.153 -0.284  0.337 -0.023 -7.690 -0.574
375  0.152 -0.288  0.337 -0.003 -7.693 -0.922
376  0.152 -0.291  0.337 -0.000 -7.697 -1.044
377  0.151 -0.293  0.337  0.009 -7.702 -1.137
378  0.151 -0.295  0.337  0.023 -7.708 -1.658
379  0.150 -0.296  0.337  0.043 -7.715 -2.008
380  0.164 -0.216  0.337  0.065 -7.725 -2.491
381  0.182 -0.103  0.338  0.107 -7.737 -2.973
382  0.202  0.014  0.338  0.117 -7.749 -2.849
383  0.221  0.125  0.339  0.164 -7.759 -2.491
384  0.237  0.222  0.340  0.209 -7.766 -1.731
385  0.250  0.304  0.341  0.227 -7.770 -0.968
386  0.261  0.370  0.342  0.272 -7.768  1.168
387  0.270  0.423  0.343  0.342 -7.757  3.128
388  0.277  0.465  0.345  0.419 -7.736  5.803
389  0.283  0.498  0.346  0.447 -7.709  7.317
390  0.287  0.523  0.348  0.543 -7.668  10.940
391  0.290  0.542  0.350  0.566 -7.618  13.417
392  0.292  0.557  0.353  0.582 -7.558  16.076
393  0.294  0.568  0.355  0.618 -7.494  16.768
394  0.296  0.576  0.357  0.414 -7.444  11.338
395  0.297  0.582  0.358  0.415 -7.398  12.392
396  0.297  0.587  0.360  0.534 -7.334  16.894
397  0.298  0.590  0.362  0.548 -7.272  14.524
398  0.298  0.593  0.364  0.483 -7.220  13.914
399  0.299  0.594  0.366  0.523 -7.160  15.600
400  0.299  0.596  0.368  0.458 -7.108  12.638
401  0.299  0.597  0.370  0.376 -7.058  13.197
402  0.299  0.598  0.371  0.465 -6.995  16.350
403  0.299  0.598  0.373  0.377 -6.948  13.320
404  0.299  0.598  0.374  0.286 -6.900  12.517
405  0.299  0.599  0.375  0.353 -6.838  16.684
406  0.299  0.599  0.376  0.375 -6.778  14.280
407  0.299  0.599  0.378  0.355 -6.720  15.505
408  0.299  0.599  0.379  0.466 -6.649  18.044
409  0.299  0.599  0.381  0.504 -6.577  18.732
410  0.299  0.599  0.383  0.510 -6.503  19.221
411  0.299  0.599  0.385  0.524 -6.426  19.469
412  0.299  0.599  0.387  0.427 -6.357  17.827
413  0.299  0.599  0.389  0.538 -6.279  20.744
414  0.299  0.599  0.391  0.618 -6.193  22.601
415  0.299  0.599  0.393  0.546 -6.112  19.649
416  0.299  0.599  0.395  0.483 -6.037  19.510
417  0.299  0.599  0.397  0.541 -5.958  21.003
418  0.299  0.599  0.399  0.564 -5.874  21.899
419  0.299  0.599  0.401  0.474 -5.797  19.654
420  0.299  0.599  0.403  0.518 -5.717  21.544
421  0.299  0.599  0.405  0.510 -5.637  20.308
422  0.299  0.599  0.407  0.520 -5.557  20.450
423  0.299  0.599  0.409  0.533 -5.475  21.518
424  0.299  0.599  0.411  0.557 -5.393  21.311
425  0.299  0.599  0.413  0.555 -5.309  22.455
426  0.299  0.599  0.415  0.621 -5.221  22.748
427  0.299  0.599  0.418  0.601 -5.136  22.168
428  0.299  0.599  0.420  0.682 -5.045  24.162
429  0.299  0.599  0.423  0.627 -4.958  21.633
430  0.299  0.599  0.425  0.555 -4.876  21.273
431  0.299  0.599  0.427  0.632 -4.786  23.588
432  0.299  0.599  0.430  0.719 -4.693  24.435
433  0.299  0.599  0.432  0.561 -4.608  21.271
434  0.299  0.599  0.434  0.625 -4.521  23.383
435  0.299  0.599  0.437  0.659 -4.426  24.587
436  0.299  0.599  0.439  0.631 -4.339  21.977
437  0.299  0.599  0.441  0.549 -4.254  21.855
438  0.299  0.599  0.444  0.593 -4.167  22.673
439  0.299  0.599  0.446  0.547 -4.081  22.396
440  0.286  0.545  0.448  0.563 -3.997  21.698
441  0.267  0.470  0.450  0.575 -3.908  23.536
442  0.247  0.391  0.452  0.630 -3.821  22.188
443  0.229  0.316  0.455  0.614 -3.738  21.241
444  0.213  0.252  0.457  0.637 -3.656  20.852
445  0.199  0.197  0.460  0.637 -3.579  19.984
446  0.188  0.153  0.462  0.605 -3.507  18.575
447  0.179  0.117  0.464  0.662 -3.441  16.873
448  0.172  0.089  0.467  0.632 -3.378  16.330
449  0.166  0.067  0.469  0.647 -3.316  15.765
450  0.162  0.051  0.472  0.640 -3.260  14.400
451  0.159  0.038  0.474  0.683 -3.209  13.353
452  0.157  0.028  0.477  0.641 -3.159  13.148
453  0.155  0.021  0.479  0.663 -3.115  11.692
454  0.153  0.015  0.482  0.624 -3.074  10.935
455  0.152  0.011  0.484  0.665 -3.036  9.716
456  0.152  0.008  0.487  0.661 -3.000  9.238
457  0.151  0.006  0.489  0.637 -2.968  8.553
458  0.151  0.004  0.492  0.660 -2.938  7.846
459  0.150  0.003  0.494  0.638 -2.911  7.189
460  0.123 -0.024  0.497  0.638 -2.886  6.079
461  0.085 -0.063  0.499  0.660 -2.864  5.700
462  0.045 -0.103  0.502  0.621 -2.843  5.327
463  0.008 -0.140  0.504  0.559 -2.827  4.139
464 -0.023 -0.173  0.506  0.529 -2.815  2.593
465 -0.051 -0.200  0.508  0.519 -2.807  1.244
466 -0.073 -0.223  0.510  0.482 -2.804  1.023
467 -0.091 -0.240  0.511  0.274 -2.817 -4.553
468 -0.105 -0.255  0.512  0.094 -2.849 -8.801
469 -0.116 -0.265  0.512  0.075 -2.887 -9.574
470 -0.124 -0.274  0.512 -0.004 -2.929 -11.310
471 -0.130 -0.280  0.512 -0.082 -2.981 -13.107
472 -0.135 -0.285  0.511 -0.088 -3.030 -11.753
473 -0.139 -0.289  0.511 -0.183 -3.090 -15.708
474 -0.142 -0.292  0.510 -0.203 -3.150 -15.379
475 -0.144 -0.294  0.509 -0.182 -3.203 -13.557
476 -0.145 -0.295  0.508 -0.318 -3.267 -17.402
477 -0.146 -0.296  0.506 -0.504 -3.344 -20.221
478 -0.147 -0.297  0.505 -0.384 -3.416 -17.621
479 -0.148 -0.298  0.503 -0.384 -3.481 -16.771
480 -0.121 -0.271  0.502 -0.383 -3.545 -16.111
481 -0.084 -0.234  0.501 -0.331 -3.602 -14.338
482 -0.044 -0.194  0.499 -0.383 -3.661 -15.685
483 -0.007 -0.157  0.498 -0.422 -3.727 -17.011
484  0.024 -0.125  0.496 -0.239 -3.783 -12.724
485  0.051 -0.098  0.496  0.024 -3.812 -6.343
486  0.073 -0.076  0.497  0.068 -3.833 -5.374
487  0.091 -0.058  0.497  0.070 -3.855 -5.159
488  0.105 -0.044  0.497  0.070 -3.875 -5.123
489  0.116 -0.033  0.498  0.107 -3.894 -5.123
490  0.124 -0.025  0.498  0.095 -3.913 -4.604
491  0.130 -0.019  0.498  0.099 -3.931 -4.555
492  0.135 -0.014  0.499  0.129 -3.947 -4.254
493  0.139 -0.010  0.500  0.156 -3.962 -3.520
494  0.142 -0.007  0.500  0.179 -3.975 -3.429
495  0.144 -0.005  0.501  0.188 -3.988 -2.758
496  0.145 -0.004  0.502  0.188 -3.999 -2.690
497  0.146 -0.003  0.502  0.193 -4.010 -2.757
498  0.147 -0.002  0.503  0.211 -4.022 -2.832
499  0.148 -0.001  0.504  0.234 -4.031 -2.307
500  0.121  0.052  0.505  0.257 -4.040 -2.277
501  0.084  0.128  0.506  0.236 -4.049 -2.276
502  0.044  0.208  0.507  0.250 -4.055 -1.568
503  0.007  0.282  0.508  0.268 -4.055  0.406
504 -0.024  0.347  0.509  0.310 -4.048  2.100
505 -0.051  0.402  0.511  0.297 -4.035  3.533
506 -0.073  0.446  0.512  0.284 -4.007  7.653
507 -0.091  0.482  0.513  0.349 -3.968  10.825
508 -0.105  0.510  0.514  0.268 -3.927  10.522
509 -0.116  0.532  0.515  0.252 -3.873  15.370
510 -0.124  0.548  0.516  0.201 -3.793  21.033
511 -0.130  0.561  0.517  0.248 -3.717  18.312
512 -0.135  0.571  0.517  0.113 -3.647  17.929
513 -0.139  0.578  0.518  0.025 -3.558  23.686
514 -0.142  0.584  0.517 -0.083 -3.460  23.831
515 -0.144  0.588  0.517 -0.145 -3.386  17.298
516 -0.145  0.591  0.516 -0.140 -3.309  20.602
517 -0.146  0.593  0.516  0.008 -3.210  26.493
518 -0.147  0.595  0.516  0.092 -3.098  29.717
519 -0.148  0.596  0.517  0.165 -2.996  25.633
520 -0.121  0.570  0.517 -0.124 -2.918  18.836
521 -0.084  0.533  0.517 -0.022 -2.836  22.222
522 -0.044  0.494  0.517  0.022 -2.737  25.969
523 -0.007  0.457  0.517 -0.045 -2.649  21.128
524  0.024  0.425  0.516 -0.211 -2.576  18.297
525  0.051  0.398  0.515 -0.170 -2.496  20.158
526  0.073  0.376  0.515 -0.180 -2.418  20.233
527  0.091  0.358  0.514 -0.099 -2.338  20.864
528  0.105  0.344  0.514 -0.065 -2.257  20.809
529  0.116  0.333  0.514 -0.013 -2.185  20.897
530  0.124  0.325  0.514  0.072 -2.097  22.560
531  0.130  0.319  0.514  0.041 -2.012  21.333
532  0.135  0.314  0.514  0.063 -1.929  21.806
533  0.139  0.310  0.515  0.105 -1.843  22.192
534  0.142  0.307  0.515  0.139 -1.757  22.199
535  0.144  0.305  0.516  0.136 -1.673  21.762
536  0.145  0.304  0.516  0.180 -1.589  22.427
537  0.146  0.303  0.517  0.258 -1.501  21.806
538  0.147  0.302  0.518  0.234 -1.418  19.663
539  0.148  0.301  0.519  0.250 -1.339  20.063
540  0.148  0.247  0.520  0.348 -1.259  20.705
541  0.149  0.171  0.521  0.308 -1.180  20.515
542  0.149  0.091  0.523  0.316 -1.104  19.319
543  0.149  0.017  0.524  0.396 -1.033  17.721
544  0.149 -0.047  0.526  0.422 -0.964  18.008
545  0.149 -0.102  0.527  0.424 -0.899  16.197
546  0.149 -0.146  0.529  0.396 -0.843  14.195
547  0.149 -0.182  0.530  0.400 -0.797  11.181
548  0.149 -0.210  0.532  0.429 -0.754  11.342
549  0.149 -0.232  0.534  0.427 -0.715  9.546
550  0.149 -0.248  0.535  0.451 -0.682  7.803
551  0.149 -0.261  0.537  0.463 -0.657  6.073
552  0.149 -0.271  0.539  0.468 -0.640  4.539
553  0.149 -0.278  0.541  0.458 -0.626  3.158
554  0.149 -0.284  0.543  0.454 -0.620  0.861
555  0.149 -0.288  0.544  0.461 -0.621 -0.318
556  0.149 -0.291  0.546  0.469 -0.626 -1.114
557  0.149 -0.293  0.548  0.456 -0.636 -2.740
558  0.149 -0.295  0.550  0.410 -0.654 -5.203
559  0.149 -0.296  0.551  0.419 -0.679 -6.727
560  0.122 -0.324  0.553  0.445 -0.704 -6.747
561  0.085 -0.363  0.555  0.448 -0.732 -7.670
562  0.045 -0.403  0.557  0.448 -0.764 -8.482
563  0.008 -0.440  0.558  0.421 -0.800 -9.614
564 -0.023 -0.473  0.560  0.326 -0.844 -12.435
565 -0.051 -0.500  0.560  0.108 -0.911 -17.594
566 -0.073 -0.523  0.560 -0.005 -0.991 -20.380
567 -0.091 -0.540  0.560 -0.100 -1.083 -23.836
568 -0.105 -0.555  0.559 -0.203 -1.188 -27.262
569 -0.116 -0.565  0.559 -0.084 -1.290 -24.434
570 -0.124 -0.574  0.559  0.087 -1.372 -20.512
571 -0.130 -0.580  0.559 -0.005 -1.461 -23.592
572 -0.135 -0.585  0.558 -0.171 -1.567 -27.270
573 -0.139 -0.589  0.558 -0.147 -1.679 -27.519
574 -0.142 -0.592  0.558  0.101 -1.771 -23.163
575 -0.144 -0.594  0.558 -0.097 -1.874 -28.001
576 -0.145 -0.595  0.557 -0.140 -1.990 -29.058
577 -0.146 -0.596  0.557  0.007 -2.088 -25.182
578 -0.147 -0.597  0.556 -0.185 -2.201 -30.446
579 -0.148 -0.598  0.556 -0.129 -2.317 -30.258
580 -0.135 -0.544  0.555 -0.154 -2.433 -28.563
581 -0.116 -0.469  0.555 -0.021 -2.539 -25.859
582 -0.097 -0.390  0.555 -0.057 -2.645 -27.446
583 -0.078 -0.316  0.555 -0.008 -2.752 -25.932
584 -0.062 -0.251  0.555  0.071 -2.844 -22.531
585 -0.049 -0.197  0.555  0.112 -2.928 -20.906
586 -0.038 -0.152  0.556  0.040 -3.017 -22.410
587 -0.029 -0.117  0.556  0.234 -3.089 -16.677
588 -0.022 -0.089  0.557  0.190 -3.155 -16.511
589 -0.016 -0.067  0.558  0.175 -3.219 -16.507
590 -0.012 -0.050  0.559  0.236 -3.278 -15.430
591 -0.009 -0.038  0.559  0.221 -3.329 -14.497
592 -0.007 -0.028  0.560  0.213 -3.383 -13.944
593 -0.005 -0.021  0.561  0.214 -3.434 -13.409
594 -0.003 -0.015  0.562  0.234 -3.484 -12.548
595 -0.002 -0.011  0.563  0.226 -3.531 -11.610
596 -0.002 -0.008  0.564  0.245 -3.573 -10.514
597 -0.001 -0.006  0.564  0.229 -3.613 -10.333
598 -0.001 -0.004  0.565  0.212 -3.652 -9.518
599 -0.000 -0.003  0.566  0.216 -3.688 -8.897
600 -0.000 -0.056  0.567  0.212 -3.721 -8.526
601 -0.000 -0.131  0.568  0.189 -3.753 -7.883
602 -0.000 -0.210  0.568  0.188 -3.784 -7.967
603 -0.000 -0.284  0.569  0.145 -3.817 -8.453
604 -0.000 -0.348  0.570  0.174 -3.849 -8.334
605 -0.000 -0.402  0.570  0.111 -3.887 -10.049
606 -0.000 -0.447  0.571  0.136 -3.930 -11.349
607 -0.000 -0.482  0.571  0.123 -3.975 -11.823
608 -0.000 -0.510  0.571  0.064 -4.030 -14.563
609 -0.000 -0.532  0.572  0.046 -4.090 -15.839
610 -0.000 -0.549  0.572  0.071 -4.153 -16.374
611 -0.000 -0.561  0.572 -0.031 -4.231 -20.574
612 -0.000 -0.571  0.572 -0.068 -4.320 -22.536
613 -0.000 -0.578  0.572  0.104 -4.399 -18.871
614 -0.000 -0.584  0.572  0.133 -4.477 -20.171
615 -0.000 -0.588  0.572 -0.031 -4.563 -22.316
616 -0.000 -0.591  0.573  0.234 -4.648 -20.365
617 -0.000 -0.593  0.573  0.029 -4.733 -22.414
618 -0.000 -0.595  0.573 -0.053 -4.835 -27.513
619 -0.000 -0.596  0.573 -0.019 -4.938 -25.521
620 -0.027 -0.543  0.573  0.053 -5.033 -24.808
621 -0.064 -0.468  0.573  0.015 -5.143 -28.796
622 -0.104 -0.389  0.573 -0.008 -5.248 -26.656
623 -0.141 -0.315  0.573  0.045 -5.345 -24.224
624 -0.173 -0.251  0.573 -0.061 -5.448 -25.918
625 -0.201 -0.197  0.573 -0.124 -5.557 -28.397
626 -0.223 -0.152  0.573  0.101 -5.646 -21.028
627 -0.241 -0.117  0.573  0.029 -5.729 -20.807
628 -0.255 -0.089  0.573 -0.089 -5.816 -22.216
629 -0.266 -0.067  0.573  0.021 -5.895 -18.094
630 -0.274 -0.050  0.573  0.006 -5.962 -16.821
631 -0.280 -0.038  0.573 -0.166 -6.032 -17.832
632 -0.285 -0.028  0.572 -0.188 -6.107 -18.445
633 -0.289 -0.021  0.572 -0.018 -6.161 -13.295
634 -0.292 -0.015  0.571 -0.135 -6.213 -13.615
635 -0.294 -0.011  0.571 -0.182 -6.265 -13.306
636 -0.295 -0.008  0.570 -0.142 -6.307 -10.505
637 -0.296 -0.006  0.569 -0.205 -6.347 -10.031
638 -0.297 -0.004  0.568 -0.235 -6.383 -9.330
639 -0.298 -0.003  0.567 -0.250 -6.417 -8.540
640 -0.298 -0.002  0.566 -0.304 -6.448 -7.829
641 -0.299 -0.001  0.565 -0.325 -6.477 -7.189
642 -0.299 -0.001  0.564 -0.352 -6.503 -6.420
643 -0.299 -0.000  0.562 -0.361 -6.526 -5.776
644 -0.299 -0.000  0.561 -0.413 -6.547 -5.195
645 -0.299 -0.000  0.559 -0.446 -6.567 -4.771
646 -0.299 -0.000  0.557 -0.460 -6.585 -4.302
647 -0.299 -0.000  0.555 -0.496 -6.602 -4.329
648 -0.299 -0.000  0.553 -0.518 -6.617 -3.983
649 -0.299 -0.000  0.551 -0.535 -6.631 -3.946
650 -0.299 -0.000  0.549 -0.528 -6.646 -3.998
651 -0.299 -0.000  0.547 -0.566 -6.659 -3.108
652 -0.299 -0.000  0.545 -0.601 -6.673 -3.575
653 -0.299 -0.000  0.542 -0.645 -6.687 -3.553
654 -0.299 -0.000  0.540 -0.658 -6.696 -2.710
655 -0.299 -0.000  0.538 -0.630 -6.707 -2.468
656 -0.299 -0.000  0.535 -0.642 -6.716 -2.364
657 -0.299 -0.000  0.532 -0.701 -6.723 -2.490
658 -0.299 -0.000  0.530 -0.729 -6.732 -2.350
659 -0.299 -0.000  0.527 -0.707 -6.739 -1.252
660 -0.245  0.053  0.524 -0.768 -6.747 -2.136
661 -0.170  0.129  0.521 -0.760 -6.753 -1.431
662 -0.091  0.208  0.518 -0.740 -6.756 -0.706
663 -0.016  0.283  0.516 -0.686 -6.755  0.893
664  0.047  0.347  0.513 -0.655 -6.748  1.691
665  0.102  0.402  0.511 -0.601 -6.734  4.122
666  0.146  0.446  0.509 -0.397 -6.704  8.420
667  0.182  0.482  0.508 -0.166 -6.650  14.734
668  0.210  0.510  0.508 -0.128 -6.585  16.928
669  0.232  0.532  0.507 -0.119 -6.520  16.593
670  0.248  0.548  0.507  0.040 -6.445  19.392
671  0.261  0.561  0.508  0.134 -6.356  23.214
672  0.271  0.571  0.508  0.180 -6.264  24.171
673  0.278  0.578  0.509  0.276 -6.162  26.348
674  0.284  0.584  0.510  0.260 -6.062  25.272
675  0.288  0.588  0.511  0.171 -5.966  24.562
676  0.291  0.591  0.511  0.120 -5.877  23.408
677  0.293  0.593  0.512  0.137 -5.788  23.226
678  0.295  0.595  0.513  0.203 -5.697  24.174
679  0.296  0.596  0.513  0.163 -5.610  22.247
680  0.297  0.597  0.514  0.339 -5.513  25.596
681  0.298  0.598  0.516  0.314 -5.411  25.355
682  0.298  0.598  0.517  0.244 -5.316  23.975
683  0.299  0.599  0.517  0.221 -5.228  22.732
684  0.299  0.599  0.519  0.395 -5.123  27.577
685  0.299  0.599  0.520  0.326 -5.021  24.595
686  0.299  0.599  0.521  0.152 -4.936  21.171
687  0.299  0.599  0.522  0.279 -4.845  24.048
688  0.299  0.599  0.523  0.370 -4.746  25.769
689  0.299  0.599  0.524  0.335 -4.646  25.366
690  0.299  0.599  0.525  0.203 -4.561  21.947
691  0.299  0.599  0.526  0.278 -4.469  24.070
692  0.299  0.599  0.527  0.343 -4.375  24.785
693  0.299  0.599  0.529  0.293 -4.284  23.324
694  0.299  0.599  0.530  0.363 -4.192  24.675
695  0.299  0.599  0.531  0.382 -4.096  24.145
696  0.299  0.599  0.533  0.378 -4.004  24.228
697  0.299  0.599  0.534  0.400 -3.909  24.559
698  0.299  0.599  0.536  0.426 -3.812  24.632
699  0.299  0.599  0.538  0.455 -3.716  24.589
700  0.259  0.491  0.539  0.470 -3.616  25.639
701  0.202  0.340  0.541  0.503 -3.514  25.665
702  0.143  0.182  0.543  0.509 -3.417  24.199
703  0.087  0.033  0.545  0.497 -3.324  23.821
704  0.039 -0.095  0.547  0.480 -3.239  22.223
705 -0.001 -0.204  0.549  0.492 -3.162  19.538
706 -0.035 -0.293  0.550  0.375 -3.101  15.135
707 -0.061 -0.364  0.552  0.384 -3.047  14.045
708 -0.082 -0.420  0.553  0.447 -2.996  12.506
709 -0.099 -0.464  0.555  0.313 -2.961  7.275
710 -0.111 -0.497  0.555  0.007 -2.958 -0.756
711 -0.121 -0.523  0.554 -0.162 -2.985 -7.713
712 -0.128 -0.543  0.554 -0.224 -3.023 -9.856
713 -0.134 -0.557  0.553 -0.275 -3.069 -12.379
714 -0.138 -0.568  0.551 -0.407 -3.135 -17.774
715 -0.141 -0.576  0.549 -0.447 -3.212 -19.937
716 -0.143 -0.582  0.548 -0.313 -3.284 -17.722
717 -0.145 -0.587  0.547 -0.232 -3.341 -17.067
718 -0.146 -0.590  0.546 -0.259 -3.415 -19.035
719 -0.147 -0.593  0.546 -0.157 -3.483 -17.606
720 -0.161 -0.487  0.545 -0.242 -3.560 -20.917
721 -0.181 -0.337  0.543 -0.365 -3.648 -23.251
722 -0.201 -0.179  0.543 -0.125 -3.723 -17.251
723 -0.220 -0.031  0.542 -0.128 -3.783 -15.909
724 -0.236  0.097  0.541 -0.241 -3.850 -16.862
725 -0.250  0.205  0.541  0.045 -3.892 -8.550
726 -0.261  0.294  0.542  0.097 -3.908 -3.758
727 -0.270  0.365  0.542  0.005 -3.916 -1.707
728 -0.277  0.421  0.542 -0.014 -3.920 -0.795
729 -0.282  0.464  0.541 -0.127 -3.912  2.700
730 -0.287  0.498  0.540 -0.225 -3.891  5.755
731 -0.290  0.523  0.540 -0.245 -3.865  6.805
732 -0.292  0.543  0.538 -0.302 -3.831  9.192
733 -0.294  0.557  0.537 -0.325 -3.788  11.759
734 -0.296  0.568  0.536 -0.331 -3.740  12.495
735 -0.297  0.576  0.534 -0.397 -3.690  13.720
736 -0.297  0.582  0.533 -0.421 -3.628  16.773
737 -0.298  0.587  0.531 -0.341 -3.573  13.489
738 -0.298  0.590  0.530 -0.375 -3.514  15.489
739 -0.299  0.593  0.529 -0.359 -3.448  17.064
740 -0.258  0.595  0.527 -0.376 -3.380  17.076
741 -0.202  0.596  0.526 -0.372 -3.307  19.164
742 -0.142  0.597  0.525 -0.345 -3.231  20.197
743 -0.087  0.598  0.523 -0.337 -3.153  19.769
744 -0.038  0.598  0.522 -0.185 -3.067  21.957
745  0.001  0.599  0.522 -0.067 -2.967  26.344
746  0.035  0.599  0.522  0.006 -2.859  28.598
747  0.061  0.599  0.522 -0.117 -2.759  25.384
748  0.082  0.599  0.521 -0.098 -2.662  25.759
749  0.099  0.599  0.521 -0.131 -2.564  25.099
750  0.111  0.599  0.521  0.031 -2.455  29.025
751  0.121  0.599  0.521  0.070 -2.341  30.138
752  0.128  0.599  0.521  0.056 -2.229  28.577
753  0.134  0.599  0.521  0.032 -2.122  27.384
754  0.138  0.599  0.522  0.108 -2.014  28.339
755  0.141  0.599  0.522  0.189 -1.900  28.653
756  0.143  0.599  0.523  0.172 -1.786  28.811
757  0.145  0.599  0.524  0.185 -1.675  29.237
758  0.146  0.599  0.524  0.182 -1.564  28.212
759  0.147  0.599  0.525  0.209 -1.451  29.467
760  0.148  0.491  0.526  0.230 -1.339  28.935
761  0.148  0.340  0.527  0.261 -1.228  29.585
762  0.149  0.182  0.528  0.305 -1.119  28.694
763  0.149  0.033  0.529  0.346 -1.014  27.037
764  0.149 -0.095  0.531  0.376 -0.915  24.437
765  0.149 -0.204  0.532  0.334 -0.829  21.742
766  0.149 -0.293  0.534  0.459 -0.757  18.369
767  0.149 -0.364  0.536  0.433 -0.685  18.365
768  0.149 -0.420  0.537  0.460 -0.627  13.466
769  0.149 -0.464  0.539  0.478 -0.596  6.550
770  0.149 -0.497  0.541  0.456 -0.574  6.176
771  0.149 -0.523  0.543  0.449 -0.550  6.041
772  0.149 -0.543  0.544  0.365 -0.548 -0.600
773  0.149 -0.557  0.546  0.349 -0.561 -3.357
774  0.149 -0.568  0.547  0.313 -0.583 -6.587
775  0.149 -0.576  0.548  0.223 -0.624 -11.435
776  0.149 -0.582  0.549  0.211 -0.675 -13.563
777  0.149 -0.587  0.549  0.156 -0.736 -16.638
778  0.149 -0.590  0.550  0.141 -0.810 -19.222
779  0.149 -0.593  0.550  0.219 -0.874 -19.142
780  0.109 -0.541  0.551  0.276 -0.947 -18.792
781  0.052 -0.466  0.553  0.301 -1.019 -18.761
782 -0.006 -0.388  0.554  0.230 -1.095 -19.878
783 -0.062 -0.315  0.554  0.095 -1.181 -22.198
784 -0.110 -0.250  0.554  0.001 -1.274 -23.382
785 -0.151 -0.196  0.555  0.313 -1.341 -14.770
786 -0.185 -0.152  0.556  0.286 -1.396 -14.583
787 -0.211 -0.117  0.557  0.119 -1.460 -16.592
788 -0.232 -0.089  0.557  0.050 -1.525 -16.208
789 -0.249 -0.067  0.557  0.116 -1.578 -13.073
790 -0.261 -0.050  0.557  0.010 -1.629 -13.642
791 -0.271 -0.038  0.558  0.059 -1.673 -10.760
792 -0.278 -0.028  0.558  0.024 -1.711 -9.730
793 -0.284 -0.021  0.558  0.023 -1.741 -6.908
794 -0.288 -0.015  0.558  0.005 -1.764 -5.786
795 -0.291 -0.011  0.558 -0.037 -1.784 -4.717
796 -0.293 -0.008  0.557 -0.046 -1.799 -3.327
797 -0.295 -0.006  0.557 -0.113 -1.813 -3.685
798 -0.296 -0.004  0.557 -0.140 -1.826 -3.208
799 -0.297 -0.003  0.556 -0.176 -1.835 -2.295
800 -0.298  0.051  0.555 -0.209 -1.845 -2.430
801 -0.298  0.127  0.554 -0.234 -1.851 -1.252
802 -0.299  0.207  0.553 -0.282 -1.854 -0.413
803 -0.299  0.282  0.552 -0.303 -1.853  0.346
804 -0.299  0.347  0.551 -0.343 -1.848  1.603
805 -0.299  0.401  0.549 -0.391 -1.837  3.409
806 -0.299  0.446  0.547 -0.438 -1.819  4.847
807 -0.299  0.482  0.546 -0.427 -1.797  5.656
808 -0.299  0.510  0.544 -0.511 -1.768  7.751
809 -0.299  0.532  0.542 -0.511 -1.731  9.984
810 -0.299  0.548  0.540 -0.542 -1.691  10.677
811 -0.299  0.561  0.538 -0.511 -1.648  11.301
812 -0.299  0.571  0.536 -0.524 -1.597  13.691
813 -0.299  0.578  0.534 -0.505 -1.541  14.281
814 -0.299  0.584  0.532 -0.538 -1.483  15.125
815 -0.299  0.588  0.530 -0.545 -1.420  16.441
816 -0.299  0.591  0.528 -0.543 -1.354  17.463
817 -0.299  0.593  0.526 -0.573 -1.285  18.730
818 -0.299  0.595  0.524 -0.499 -1.209  20.080
819 -0.299  0.596  0.522 -0.549 -1.131  20.483
820 -0.286  0.543  0.520 -0.506 -1.051  21.030
821 -0.267  0.468  0.518 -0.469 -0.969  21.580
822 -0.247  0.389  0.516 -0.454 -0.888  21.591
823 -0.229  0.315  0.514 -0.409 -0.805  21.516
824 -0.213  0.251  0.513 -0.424 -0.724  20.704
825 -0.199  0.197  0.511 -0.429 -0.644  20.350
826 -0.188  0.152  0.510 -0.425 -0.566  19.469
827 -0.179  0.117  0.508 -0.425 -0.490  19.868
828 -0.172  0.089  0.506 -0.446 -0.417  18.594
829 -0.166  0.067  0.504 -0.442 -0.348  17.708
830 -0.162  0.050  0.503 -0.457 -0.284  15.915
831 -0.159  0.038  0.501 -0.402 -0.219  16.578
832 -0.157  0.028  0.500 -0.428 -0.163  13.868
833 -0.155  0.021  0.498 -0.513 -0.118  11.290
834 -0.153  0.015  0.496 -0.504 -0.078  10.501
835 -0.152  0.011  0.494 -0.341 -0.027  13.684
836 -0.152  0.008  0.493 -0.411  0.016  10.713
837 -0.151  0.006  0.491 -0.473  0.051  9.043
838 -0.151  0.004  0.489 -0.350  0.092  11.008
839 -0.150  0.003  0.488 -0.379  0.131  10.318
840 -0.110  0.056  0.486 -0.424  0.164  8.054
841 -0.053  0.131  0.485 -0.361  0.198  9.237
842  0.006  0.210  0.484 -0.332  0.229  8.977
843  0.062  0.284  0.483 -0.312  0.265  9.324
844  0.110  0.348  0.482 -0.292  0.302  9.670
845  0.151  0.402  0.481 -0.256  0.340  9.564
846  0.185  0.447  0.480 -0.164  0.385  11.802
847  0.211  0.482  0.480 -0.017  0.441  14.293
848  0.232  0.510  0.480  0.102  0.507  17.149
849  0.249  0.532  0.481  0.117  0.577  18.266
850  0.261  0.549  0.481  0.094  0.643  17.332
851  0.271  0.561  0.481  0.157  0.714  18.605
852  0.278  0.571  0.482  0.252  0.795  20.873
853  0.284  0.578  0.483  0.225  0.875  19.925
854  0.288  0.584  0.484  0.322  0.960  22.355
855  0.291  0.588  0.485  0.230  1.042  20.218
856  0.293  0.591  0.486  0.202  1.120  19.758
857  0.295  0.593  0.487  0.299  1.202  20.910
858  0.296  0.595  0.489  0.358  1.291  22.657
859  0.297  0.596  0.490  0.289  1.374  20.667
860  0.271  0.597  0.491  0.360  1.461  22.632
861  0.233  0.598  0.492  0.316  1.547  22.278
862  0.194  0.598  0.493  0.302  1.632  21.948
863  0.157  0.599  0.495  0.314  1.723  24.203
864  0.125  0.599  0.496  0.307  1.812  23.413
865  0.098  0.599  0.497  0.322  1.906  25.171
866  0.076  0.599  0.498  0.331  2.005  25.727
867  0.058  0.599  0.499  0.354  2.103  25.837
868  0.044  0.599  0.501  0.367  2.202  25.674
869  0.033  0.599  0.502  0.357  2.306  27.546
870  0.025  0.599  0.503  0.309  2.408  26.235
871  0.019  0.599  0.504  0.252  2.507  25.753
872  0.014  0.599  0.505  0.258  2.617  27.893
873  0.010  0.599  0.507  0.301  2.731  29.145
874  0.007  0.599  0.508  0.260  2.835  27.206
875  0.005  0.599  0.509  0.270  2.942  27.849
876  0.004  0.599  0.510  0.268  3.057  30.303
877  0.003  0.599  0.510  0.191  3.168  28.353
878  0.002  0.599  0.511  0.233  3.278  28.459
879  0.001  0.599  0.512  0.211  3.389  29.207
880 -0.025  0.491  0.513  0.218  3.498  28.816
881 -0.063  0.340  0.514  0.216  3.608  27.387
882 -0.103  0.182  0.514  0.217  3.714  26.232
883 -0.141  0.033  0.515  0.227  3.816  26.336
884 -0.173 -0.095  0.516  0.230  3.912  24.092
885 -0.200 -0.204  0.517  0.189  4.001  22.585
886 -0.223 -0.293  0.517  0.105  4.079  18.635
887 -0.241 -0.364  0.517 -0.218  4.122  8.174
888 -0.255 -0.420  0.515 -0.464  4.134  2.359
889 -0.266 -0.464  0.513 -0.573  4.128 -2.337
890 -0.274 -0.497  0.510 -0.675  4.103 -7.431
891 -0.280 -0.523  0.508 -0.626  4.074 -7.164
892 -0.285 -0.543  0.505 -0.726  4.034 -11.468
893 -0.289 -0.557  0.502 -0.710  3.981 -13.356
894 -0.292 -0.568  0.499 -0.743  3.928 -14.754
895 -0.294 -0.576  0.496 -0.798  3.858 -18.895
896 -0.295 -0.582  0.493 -0.786  3.787 -19.020
897 -0.296 -0.587  0.491 -0.707  3.717 -17.811
898 -0.297 -0.590  0.488 -0.712  3.643 -19.540
899 -0.298 -0.593  0.485 -0.784  3.559 -22.381
900 -0.298 -0.595  0.482 -0.682  3.479 -20.689
901 -0.299 -0.596  0.480 -0.582  3.404 -18.966
902 -0.299 -0.597  0.478 -0.535  3.331 -18.776
903 -0.299 -0.598  0.476 -0.643  3.248 -22.400
904 -0.299 -0.598  0.473 -0.633  3.171 -22.819
905 -0.299 -0.599  0.472 -0.420  3.095 -17.546
906 -0.299 -0.599  0.470 -0.319  3.034 -15.673
907 -0.299 -0.599  0.469 -0.484  2.955 -21.719
908 -0.299 -0.599  0.467 -0.539  2.866 -22.611
909 -0.299 -0.599  0.466 -0.255  2.798 -15.611
910 -0.299 -0.599  0.464 -0.383  2.723 -20.708
911 -0.299 -0.599  0.462 -0.480  2.630 -23.326
912 -0.299 -0.599  0.461 -0.400  2.547 -20.759
913 -0.299 -0.599  0.459 -0.490  2.455 -24.350
914 -0.299 -0.599  0.457 -0.554  2.355 -26.106
915 -0.299 -0.599  0.455 -0.427  2.258 -23.753
916 -0.299 -0.599  0.454 -0.412  2.166 -23.898
917 -0.299 -0.599  0.452 -0.548  2.058 -28.026
918 -0.299 -0.599  0.450 -0.436  1.956 -25.273
919 -0.299 -0.599  0.448 -0.343  1.862 -24.044
920 -0.272 -0.491  0.447 -0.334  1.769 -23.694
921 -0.235 -0.340  0.446 -0.390  1.671 -26.411
922 -0.195 -0.182  0.444 -0.377  1.571 -25.770
923 -0.158 -0.033  0.443 -0.260  1.484 -21.854
924 -0.126  0.095  0.443 -0.104  1.414 -17.638
925 -0.098  0.204  0.442 -0.117  1.354 -15.554
926 -0.076  0.293  0.442 -0.095  1.300 -13.123
927 -0.058  0.364  0.441 -0.108  1.252 -11.565
928 -0.044  0.420  0.441 -0.096  1.213 -9.008
929 -0.033  0.464  0.441 -0.117  1.185 -6.263
930 -0.025  0.497  0.440 -0.065  1.166 -4.464
931 -0.019  0.523  0.440 -0.046  1.158 -1.555
932 -0.014  0.543  0.440 -0.093  1.158  0.331
933 -0.010  0.557  0.440 -0.026  1.170  3.553
934 -0.007  0.568  0.440 -0.023  1.190  5.214
935 -0.005  0.576  0.440 -0.001  1.220  7.755
936 -0.004  0.582  0.440  0.070  1.264  12.375
937 -0.003  0.587  0.440  0.165  1.322  15.974
938 -0.002  0.590  0.441  0.235  1.394  18.795
939 -0.001  0.593  0.442  0.299  1.476  22.035
940  0.012  0.595  0.443  0.154  1.553  18.429
941  0.031  0.596  0.443 -0.037  1.619  17.023
942  0.051  0.597  0.443  0.053  1.698  20.893
943  0.070  0.598  0.443  0.081  1.781  20.846
944  0.086  0.598  0.444  0.027  1.863  21.447
945  0.100  0.599  0.444  0.114  1.953  23.865
946  0.111  0.599  0.444  0.084  2.042  22.782
947  0.120  0.599  0.445  0.072  2.130  22.093
948  0.127  0.599  0.445  0.137  2.228  24.812
949  0.132  0.599  0.446  0.153  2.329  25.670
950  0.137  0.599  0.446  0.030  2.419  23.299
951  0.140  0.599  0.446  0.145  2.520  26.976
952  0.142  0.599  0.447  0.057  2.616  24.700
953  0.144  0.599  0.447  0.074  2.711  25.032
954  0.146  0.599  0.447  0.131  2.811  25.601
955  0.147  0.599  0.448  0.070  2.911  25.126
956  0.147  0.599  0.448  0.088  3.008  25.199
957  0.148  0.599  0.448  0.122  3.111  26.219
958  0.148  0.599  0.449  0.176  3.214  26.410
959  0.149  0.599  0.450  0.212  3.320  26.280
960  0.122  0.599  0.451  0.236  3.428  27.767
961  0.084  0.599  0.452  0.259  3.539  28.076
962  0.045  0.599  0.452  0.240  3.648  27.663
963  0.008  0.599  0.453  0.196  3.755  27.114
964 -0.024  0.599  0.454  0.229  3.868  29.535
965 -0.051  0.599  0.455  0.221  3.980  29.193
966 -0.073  0.599  0.456  0.206  4.092  29.034
967 -0.091  0.599  0.456  0.207  4.191  30.207
968 -0.105  0.599  0.457  0.183  4.311  31.994
969 -0.116  0.599  0.458  0.165  4.428  29.186
970 -0.124  0.599  0.458  0.177  4.542  29.555
971 -0.130  0.599  0.459  0.165  4.660  30.061
972 -0.135  0.599  0.460  0.197  4.774  28.295
973 -0.139  0.599  0.460  0.116  4.895  31.280
974 -0.142  0.599  0.461  0.196  5.013  28.442
975 -0.144  0.599  0.462  0.187  5.129  30.689
976 -0.145  0.599  0.463  0.225  5.247  28.751
977 -0.146  0.599  0.463  0.196  5.367  30.622
978 -0.147  0.599  0.464  0.186  5.481  29.598
979 -0.148  0.599  0.465  0.165  5.599  31.189
980 -0.162  0.545  0.465  0.147  5.716  30.192
981 -0.181  0.470  0.466  0.109  5.830  30.151
982 -0.201  0.391  0.466  0.031  5.947  31.076
983 -0.220  0.316  0.466  0.081  6.059  28.331
984 -0.236  0.252  0.467  0.139  6.167  27.055
985 -0.250  0.197  0.467  0.057  6.272  25.883
986 -0.261  0.153  0.467 -0.010  6.370  24.906
987 -0.270  0.117  0.467  0.085  6.468  24.671
988 -0.277  0.089  0.467  0.023  6.562  23.514
989 -0.282  0.067  0.467 -0.106  6.643  18.736
990 -0.287  0.051  0.466 -0.127  6.713  17.888
991 -0.290  0.038  0.466  0.018  6.793  20.155
992 -0.292  0.028  0.466 -0.126  6.863  16.749
993 -0.294  0.021  0.465 -0.180  6.923  15.567
994 -0.296  0.015  0.465 -0.088  6.987  16.796
995 -0.297  0.011  0.465 -0.101  7.053  16.335
996 -0.297  0.008  0.464 -0.160  7.108  14.118
997 -0.298  0.006  0.463 -0.165  7.161  14.025
998 -0.298  0.004  0.463 -0.159  7.213  13.301
999 -0.299  0.003  0.462 -0.257  7.257  10.607
1000 -0.258  0.002  0.461 -0.231  7.301  12.032
1001 -0.202  0.001  0.460 -0.223  7.347  11.240
1002 -0.142  0.001  0.459 -0.289  7.386  9.348
1003 -0.087  0.000  0.458 -0.259  7.425  10.308
1004 -0.038  0.000  0.457 -0.259  7.462  9.546
1005  0.001  0.000  0.456 -0.237  7.496  9.116
1006  0.035  0.000  0.455 -0.238  7.529  8.467
1007  0.061  0.000  0.454 -0.213  7.558  7.427
1008  0.082  0.000  0.454 -0.183  7.585  6.861
1009  0.099  0.000  0.453 -0.157  7.609  6.273
1010  0.111  0.000  0.452 -0.146  7.632  5.735
1011  0.121  0.000  0.452 -0.120  7.652  5.173
1012  0.128  0.000  0.452 -0.085  7.670  4.358
1013  0.134  0.000  0.451 -0.071  7.684  3.492
1014  0.138  0.000  0.451 -0.038  7.697  2.979
1015  0.141  0.000  0.451 -0.015  7.707  2.298
1016  0.143  0.000  0.451  0.022  7.715  1.847
1017  0.145  0.000  0.451  0.023  7.721  1.304
1018  0.146  0.000  0.451  0.055  7.725  0.922
1019  0.147  0.000  0.452  0.068  7.727  0.576
1020  0.148  0.000  0.452  0.088  7.728  0.131
1021  0.148  0.000  0.452  0.094  7.728  0.002
1022  0.149  0.000  0.453  0.094  7.728  0.000
1023  0.149  0.000  0.453  0.100  7.727 -0.746
1024  0.149  0.000  0.454  0.142  7.726 -0.046
1025  0.149  0.000  0.454  0.163  7.725 -0.539
1026  0.149  0.000  0.455  0.161  7.724 -0.080
1027  0.149  0.000  0.456  0.184  7.722 -0.539
1028  0.149  0.000  0.456  0.188  7.721 -0.093
1029  0.149  0.000  0.457  0.185  7.719 -0.559
1030  0.149  0.000  0.458  0.205  7.717 -0.569
1031  0.149  0.000  0.459  0.190  7.713 -1.056
1032  0.149  0.000  0.460  0.212  7.711 -0.881
1033  0.149  0.000  0.460  0.213  7.707 -1.133
1034  0.149  0.000  0.461  0.225  7.703 -1.137
1035  0.149  0.000  0.462  0.212  7.700 -0.631
1036  0.149  0.000  0.463  0.234  7.696 -1.101
1037  0.149  0.000  0.464  0.236  7.693 -1.137
1038  0.149  0.000  0.465  0.236  7.688 -1.137
1039  0.149  0.000  0.466  0.239  7.683 -1.201
1040  0.136  0.054  0.467  0.260  7.678 -1.493
1041  0.117  0.129  0.468  0.259  7.672 -1.702
1042  0.097  0.208  0.469  0.256  7.669 -0.743
1043  0.079  0.283  0.470  0.283  7.669  0.039
1044  0.063  0.347  0.471  0.254  7.672  1.078
1045  0.049  0.402  0.472  0.260  7.681  2.453
1046  0.038  0.446  0.473  0.247  7.693  3.294
1047  0.029  0.482  0.474  0.250  7.711  4.845
1048  0.022  0.510  0.475  0.245  7.734  6.324
1049  0.016  0.532  0.476  0.215  7.762  7.340
1050  0.012  0.548  0.477  0.180  7.795  9.062
1051  0.009  0.561  0.477  0.189  7.836  10.841
1052  0.007  0.571  0.478  0.172  7.882  12.247
1053  0.005  0.578  0.479  0.180  7.935  14.026
1054  0.003  0.584  0.480  0.250  7.998  16.319
1055  0.002  0.588  0.481  0.221  8.067  17.561
1056  0.002  0.591  0.481  0.144  8.131  16.622
1057  0.001  0.593  0.482  0.142  8.201  18.193
1058  0.001  0.595  0.482  0.169  8.282  21.051
1059  0.000  0.596  0.483  0.184  8.365  20.788
1060 -0.026  0.597  0.483  0.090  8.446  20.636
1061 -0.064  0.598  0.484  0.122  8.532  22.794
1062 -0.104  0.598  0.484  0.055  8.624  23.726
1063 -0.141  0.599  0.484  0.077  8.712  22.096
1064 -0.173  0.599  0.485  0.043  8.806  24.706
1065 -0.201  0.599  0.485  0.047  8.910  27.232
1066 -0.223  0.599  0.485 -0.019  9.009  25.742
1067 -0.241  0.599  0.485 -0.041  9.109  26.138
1068 -0.255  0.599  0.484 -0.092  9.221  29.274
1069 -0.266  0.599  0.484 -0.010  9.325  26.138
1070 -0.274  0.599  0.484 -0.038  9.433  27.843
1071 -0.280  0.599  0.484 -0.067  9.546  29.435
1072 -0.285  0.599  0.483 -0.093  9.656  27.835
1073 -0.289  0.599  0.483 -0.109  9.765  28.699
1074 -0.292  0.599  0.483 -0.085  9.873  28.208
1075 -0.294  0.599  0.482 -0.092  9.980  28.106
1076 -0.295  0.599  0.482 -0.078  10.090  28.087
1077 -0.296  0.599  0.482 -0.071  10.201  28.363
1078 -0.297  0.599  0.481 -0.077  10.312  27.025
1079 -0.298  0.599  0.481 -0.070  10.424  29.646
1080 -0.258  0.599  0.481 -0.061  10.539  30.378
1081 -0.201  0.599  0.481 -0.067  10.655  31.053
1082 -0.142  0.599  0.480 -0.083  10.775  31.302
1083 -0.087  0.599  0.480 -0.069  10.893  30.651
1084 -0.038  0.599  0.480 -0.016  11.012  30.949
1085  0.002  0.599  0.480  0.030  11.132  31.187
1086  0.035  0.599  0.480  0.046  11.250  29.404
1087  0.061  0.599  0.481  0.087  11.372  31.002
1088  0.082  0.599  0.481  0.107  11.493  29.910
1089  0.099  0.599  0.482  0.151  11.617  31.563
1090  0.111  0.599  0.482  0.223  11.742  32.747
1091  0.121  0.599  0.483  0.242  11.867  32.081
1092  0.128  0.599  0.484  0.228  11.977  32.870
1093  0.134  0.599  0.485  0.279  12.104  33.012
1094  0.138  0.599  0.486  0.259  12.225  31.737
1095  0.141  0.599  0.487  0.287  12.345  31.753
1096  0.143  0.599  0.488  0.278  12.471  33.033
1097  0.145  0.599  0.490  0.367  12.594  31.591
1098  0.146  0.599  0.491  0.386  12.712  30.457
1099  0.147  0.599  0.492  0.392  12.830  30.803
1100  0.148  0.599  0.494  0.302  12.953  31.579
1101  0.148  0.599  0.495  0.442  13.067  29.868
1102  0.149  0.599  0.497  0.381  13.180  28.688
1103  0.149  0.599  0.498  0.350  13.298  30.416
1104  0.149  0.599  0.499  0.320  13.421  30.968
1105  0.149  0.599  0.501  0.476  13.531  28.191
1106  0.149  0.599  0.502  0.357  13.653  31.929
1107  0.149  0.599  0.504  0.440  13.772  30.682
1108  0.149  0.599  0.505  0.418  13.884  28.920
1109  0.149  0.599  0.507  0.397  13.994  28.959
1110  0.149  0.599  0.509  0.453  14.103  28.022
1111  0.149  0.599  0.510  0.364  14.216  29.104
1112  0.149  0.599  0.512  0.429  14.333  28.948
1113  0.149  0.599  0.513  0.409  14.438  26.722
1114  0.149  0.599  0.515  0.402  14.551  29.835
1115  0.149  0.599  0.516  0.306  14.675  31.715
1116  0.149  0.599  0.517  0.360  14.785  26.952
1117  0.149  0.599  0.519  0.387  14.889  27.197
1118  0.149  0.599  0.520  0.386  14.996  27.555
1119  0.149  0.599  0.522  0.325  15.107  28.586
1120  0.163  0.545  0.523  0.363  15.213  26.969
1121  0.182  0.470  0.524  0.337  15.322  28.588
1122  0.202  0.391  0.526  0.429  15.431  27.817
1123  0.220  0.316  0.528  0.442  15.526  24.290
1124  0.236  0.252  0.529  0.500  15.618  24.234
1125  0.250  0.197  0.531  0.500  15.706  21.696
1126  0.261  0.153  0.533  0.491  15.785  20.103
1127  0.270  0.117  0.535  0.549  15.860  18.672
1128  0.277  0.089  0.537  0.571  15.931  18.520
1129  0.283  0.067  0.540  0.578  16.000  17.822
1130  0.287  0.051  0.542  0.605  16.063  16.181
1131  0.290  0.038  0.544  0.672  16.118  13.804
1132  0.292  0.028  0.547  0.615  16.175  15.088
1133  0.294  0.021  0.549  0.626  16.227  13.259
1134  0.296  0.015  0.552  0.669  16.274  12.326
1135  0.297  0.011  0.555  0.708  16.316  11.382
1136  0.297  0.008  0.557  0.685  16.358  10.676
1137  0.298  0.006  0.560  0.748  16.395  9.484
1138  0.298  0.004  0.563  0.741  16.430  9.221
1139  0.299  0.003  0.566  0.752  16.461  8.141
1140  0.299 -0.024  0.569  0.804  16.490  7.160
1141  0.299 -0.063  0.572  0.809  16.516  7.106
1142  0.299 -0.103  0.575  0.807  16.541  6.315
1143  0.299 -0.140  0.578  0.798  16.562  5.264
1144  0.299 -0.173  0.581  0.811  16.579  4.138
1145  0.299 -0.200  0.585  0.834  16.591  3.024
1146  0.299 -0.223  0.588  0.837  16.601  1.705
1147  0.299 -0.240  0.591  0.803  16.607  1.675
1148  0.299 -0.255  0.594  0.823  16.610  0.328
1149  0.299 -0.265  0.597  0.833  16.608 -0.513
1150  0.299 -0.274  0.600  0.806  16.605 -1.004
1151  0.299 -0.280  0.603  0.803  16.599 -1.520
1152  0.299 -0.285  0.607  0.805  16.589 -2.742
1153  0.299 -0.289  0.610  0.783  16.576 -3.850
1154  0.299 -0.292  0.613  0.757  16.562 -3.664
1155  0.299 -0.294  0.615  0.773  16.548 -4.547
1156  0.299 -0.295  0.618  0.765  16.529 -5.072
1157  0.299 -0.296  0.621  0.745  16.508 -5.777
1158  0.299 -0.297  0.624  0.731  16.485 -6.488
1159  0.299 -0.298  0.627  0.758  16.458 -6.909
1160  0.286 -0.325  0.630  0.778  16.427 -7.993
1161  0.267 -0.363  0.633  0.751  16.395 -8.407
1162  0.247 -0.403  0.636  0.778  16.358 -9.633
1163  0.229 -0.441  0.639  0.711  16.321 -9.675
1164  0.213 -0.473  0.641  0.708  16.280 -10.808
1165  0.199 -0.500  0.644  0.656  16.230 -13.713
1166  0.188 -0.523  0.647  0.779  16.168 -16.526
1167  0.179 -0.541  0.650  0.699  16.088 -21.196
1168  0.172 -0.555  0.652  0.514  16.019 -16.144
1169  0.166 -0.566  0.654  0.523  15.959 -15.472
1170  0.162 -0.574  0.656  0.469  15.879 -21.844
1171  0.159 -0.580  0.658  0.716  15.790 -22.818
1172  0.157 -0.585  0.661  0.672  15.695 -25.568
1173  0.155 -0.589  0.662  0.400  15.606 -20.898
1174  0.153 -0.592  0.664  0.265  15.533 -18.706
1175  0.152 -0.594  0.665  0.304  15.446 -23.254
1176  0.152 -0.595  0.667  0.543  15.346 -25.853
1177  0.151 -0.596  0.669  0.525  15.242 -26.509
1178  0.151 -0.597  0.670  0.279  15.157 -21.129
1179  0.150 -0.598  0.671  0.221  15.073 -22.305
1180  0.137 -0.598  0.672  0.284  14.976 -25.879
1181  0.118 -0.599  0.674  0.571  14.864 -29.834
1182  0.098 -0.599  0.676  0.464  14.746 -29.722
1183  0.079 -0.599  0.677  0.251  14.649 -24.133
1184  0.063 -0.599  0.678  0.167  14.545 -27.491
1185  0.049 -0.599  0.678  0.140  14.431 -28.626
1186  0.038 -0.599  0.679  0.284  14.333 -24.301
1187  0.029 -0.599  0.680  0.178  14.228 -27.346
1188  0.022 -0.599  0.681  0.158  14.109 -30.787
1189  0.016 -0.599  0.681  0.208  13.990 -29.238
1190  0.012 -0.599  0.682  0.260  13.881 -27.284
1191  0.009 -0.599  0.683  0.148  13.761 -31.602
1192  0.007 -0.599  0.684  0.239  13.641 -30.544
1193  0.005 -0.599  0.685  0.228  13.522 -31.437
1194  0.003 -0.599  0.685  0.147  13.389 -35.417
1195  0.002 -0.599  0.686  0.284  13.265 -30.595
1196  0.002 -0.599  0.687  0.194  13.139 -33.253
1197  0.001 -0.599  0.687  0.088  12.994 -36.718
1198  0.001 -0.599  0.688  0.268  12.861 -32.675
1199  0.000 -0.599  0.689  0.209  12.732 -33.084
1200  0.000 -0.599  0.690  0.114  12.592 -36.879
1201  0.000 -0.599  0.690  0.150  12.454 -35.322
1202  0.000 -0.599  0.691  0.197  12.319 -33.817
1203  0.000 -0.599  0.692  0.267  12.194 -31.561
1204  0.000 -0.599  0.693  0.147  12.058 -34.642
1205  0.000 -0.599  0.693  0.020  11.910 -39.259
1206  0.000 -0.599  0.693  0.011  11.763 -36.713
1207  0.000 -0.599  0.694  0.369  11.648 -28.415
1208  0.000 -0.599  0.695  0.178  11.522 -33.567
1209  0.000 -0.599  0.695  0.066  11.379 -37.983
1210  0.000 -0.599  0.696  0.080  11.237 -35.442
1211  0.000 -0.599  0.697  0.421  11.126 -28.121
1212  0.000 -0.599  0.698  0.171  10.992 -34.411
1213  0.000 -0.599  0.699  0.156  10.842 -37.989
1214  0.000 -0.599  0.699  0.160  10.710 -32.436
1215  0.000 -0.599  0.701  0.295  10.591 -29.658
1216  0.000 -0.599  0.701  0.067  10.454 -34.934
1217  0.000 -0.599  0.701  0.149  10.312 -34.174
1218  0.000 -0.599  0.702  0.287  10.210 -29.836
1219  0.000 -0.599  0.703  0.139  10.085 -33.232
1220 -0.013 -0.599  0.703 -0.014  9.938 -38.387
1221 -0.032 -0.599  0.703  0.045  9.799 -33.969
1222 -0.052 -0.599  0.704  0.231  9.683 -30.284
1223 -0.070 -0.599  0.704  0.065  9.558 -33.241
1224 -0.086 -0.599  0.704 -0.030  9.423 -35.681
1225 -0.100 -0.599  0.704  0.062  9.293 -33.333
1226 -0.111 -0.599  0.705  0.139  9.173 -31.664
1227 -0.120 -0.599  0.705  0.141  9.054 -29.508
1228 -0.127 -0.599  0.706  0.113  8.940 -29.815
1229 -0.133 -0.599  0.706 -0.048  8.809 -33.836
1230 -0.137 -0.599  0.706  0.022  8.678 -31.525
1231 -0.140 -0.599  0.706  0.165  8.570 -27.575
1232 -0.142 -0.599  0.707 -0.026  8.448 -31.399
1233 -0.144 -0.599  0.706 -0.022  8.324 -30.685
1234 -0.146 -0.599  0.706 -0.103  8.195 -33.730
1235 -0.147 -0.599  0.706 -0.053  8.069 -32.917
1236 -0.147 -0.599  0.706 -0.055  7.944 -32.975
1237 -0.148 -0.599  0.705 -0.062  7.821 -31.613
1238 -0.148 -0.599  0.705 -0.150  7.692 -33.579
1239 -0.149 -0.599  0.704 -0.195  7.553 -36.121
1240 -0.135 -0.572  0.704 -0.093  7.425 -31.255
1241 -0.117 -0.535  0.704  0.019  7.311 -27.999
1242 -0.097 -0.495  0.704 -0.100  7.191 -31.415
1243 -0.078 -0.458  0.703 -0.162  7.061 -34.049
1244 -0.062 -0.426  0.703  0.059  6.945 -27.942
1245 -0.049 -0.398  0.704  0.146  6.844 -25.907
1246 -0.038 -0.376  0.704  0.164  6.743 -25.248
1247 -0.029 -0.358  0.705  0.165  6.644 -25.527
1248 -0.022 -0.344  0.705  0.134  6.542 -27.016
1249 -0.016 -0.333  0.706  0.184  6.441 -26.124