0 -0.100  0.000  0.001 -0.007 -0.021 -0.183
1 -0.100  0.000  0.001 -0.011 -0.020  0.093
2 -0.100  0.000  0.001  0.004 -0.020  0.072
3 -0.100  0.000  0.001 -0.010 -0.020  0.243
4 -0.100  0.000  0.001 -0.016 -0.020 -0.121
5 -0.100  0.000  0.001 -0.021 -0.020 -0.054
6 -0.100  0.000  0.000 -0.026 -0.020  0.257
7 -0.100  0.000  0.000 -0.030 -0.018  0.774
8 -0.100  0.000  0.000 -0.101 -0.019  0.213
9 -0.100  0.000 -0.000 -0.123 -0.016  0.817
10 -0.100  0.000 -0.000 -0.137 -0.014  0.531
11 -0.100  0.000 -0.001 -0.250 -0.007  2.383
12 -0.100  0.000 -0.002 -0.324  0.001  2.588
13 -0.100  0.000 -0.003 -0.336  0.012  2.637
14 -0.100  0.000 -0.005 -0.338  0.022  2.625
15 -0.100  0.000 -0.006 -0.384  0.031  1.937
16 -0.100  0.000 -0.008 -0.407  0.042  3.258
17 -0.100  0.000 -0.009 -0.415  0.052  1.917
18 -0.100  0.000 -0.011 -0.356  0.058  0.917
19 -0.100  0.000 -0.012 -0.302  0.056 -1.483
20 -0.100  0.400 -0.013 -0.267  0.048 -2.586
21 -0.100  0.400 -0.015 -0.330  0.040 -2.128
22 -0.100  0.400 -0.016 -0.401  0.039  1.541
23 -0.100  0.400 -0.018 -0.516  0.050  4.268
24 -0.100  0.400 -0.020 -0.599  0.074  7.613
25 -0.100  0.400 -0.022 -0.435  0.096  4.805
26 -0.100  0.400 -0.024 -0.501  0.131  12.276
27 -0.100  0.400 -0.026 -0.520  0.197  19.997
28 -0.100  0.400 -0.028 -0.579  0.271  17.317
29 -0.100  0.400 -0.031 -0.623  0.341  18.036
30 -0.100  0.400 -0.033 -0.455  0.436  27.602
31 -0.100  0.400 -0.034 -0.326  0.557  33.194
32 -0.100  0.400 -0.036 -0.279  0.680  28.718
33 -0.100  0.400 -0.037 -0.344  0.770  18.672
34 -0.100  0.400 -0.038 -0.380  0.862  25.600
35 -0.100  0.400 -0.040 -0.292  0.980  33.288
36 -0.100  0.400 -0.041 -0.318  1.112  33.429
37 -0.100  0.400 -0.042 -0.230  1.255  37.358
38 -0.100  0.400 -0.043 -0.262  1.389  29.785
39 -0.100  0.400 -0.044 -0.160  1.464  16.090
40  0.200 -0.200 -0.044 -0.164  1.556  26.384
41  0.200 -0.200 -0.045 -0.222  1.669  29.904
42  0.200 -0.200 -0.046 -0.042  1.769  21.433
43  0.200 -0.200 -0.046 -0.226  1.844  16.083
44  0.200 -0.200 -0.047  0.055  1.904  12.993
45  0.200 -0.200 -0.046  0.115  1.945  7.532
46  0.200 -0.200 -0.045  0.366  1.971  4.873
47  0.200 -0.200 -0.044  0.458  1.983  1.603
48  0.200 -0.200 -0.042  0.569  1.983 -1.625
49  0.200 -0.200 -0.039  0.652  1.971 -4.223
50  0.200 -0.200 -0.036  0.692  1.950 -6.196
51  0.200 -0.200 -0.033  0.838  1.923 -8.074
52  0.200 -0.200 -0.030  0.884  1.878 -12.982
53  0.200 -0.200 -0.026  0.852  1.831 -10.929
54  0.200 -0.200 -0.023  0.696  1.801 -6.677
55  0.200 -0.200 -0.021  0.726  1.758 -13.428
56  0.200 -0.200 -0.017  0.795  1.700 -15.101
57  0.200 -0.200 -0.014  0.920  1.641 -15.074
58  0.200 -0.200 -0.011  0.732  1.587 -11.811
59  0.200 -0.200 -0.008  0.621  1.544 -10.613
60  0.000 -0.400 -0.006  0.554  1.492 -14.901
61  0.000 -0.400 -0.003  0.690  1.430 -15.745
62  0.000 -0.400 -0.000  0.668  1.370 -14.921
63  0.000 -0.400  0.001  0.550  1.313 -14.244
64  0.000 -0.400  0.003  0.349  1.237 -22.447
65  0.000 -0.400  0.004  0.239  1.138 -26.969
66  0.000 -0.400  0.005  0.141  1.026 -29.487
67  0.000 -0.400  0.005  0.038  0.898 -33.883
68  0.000 -0.400  0.005  0.015  0.763 -33.574
69  0.000 -0.400  0.006  0.320  0.651 -24.038
70  0.000 -0.400  0.007  0.196  0.563 -19.440
71  0.000 -0.400  0.008  0.220  0.487 -18.695
72  0.000 -0.400  0.008 -0.009  0.389 -28.082
73  0.000 -0.400  0.008 -0.145  0.268 -33.115
74  0.000 -0.400  0.007  0.052  0.143 -29.237
75  0.000 -0.400  0.008  0.165  0.032 -27.631
76  0.000 -0.400  0.008 -0.377 -0.074 -24.873
77  0.000 -0.400  0.006 -0.252 -0.165 -21.744
78  0.000 -0.400  0.005 -0.250 -0.270 -29.223
79  0.000 -0.400  0.004 -0.262 -0.391 -31.302
80 -0.200  0.000  0.004  0.105 -0.502 -26.059
81 -0.200  0.000  0.004  0.042 -0.614 -29.029
82 -0.200  0.000  0.004  0.001 -0.730 -29.301
83 -0.200  0.000  0.004 -0.218 -0.848 -29.671
84 -0.200  0.000  0.003 -0.328 -0.950 -21.486
85 -0.200  0.000  0.002 -0.287 -1.009 -9.216
86 -0.200  0.000  0.000 -0.510 -1.049 -9.362
87 -0.200  0.000 -0.001 -0.707 -1.086 -9.065
88 -0.200  0.000 -0.004 -0.758 -1.118 -6.738
89 -0.200  0.000 -0.007 -0.438 -1.137 -3.910
90 -0.200  0.000 -0.008 -0.479 -1.165 -7.861
91 -0.200  0.000 -0.011 -0.659 -1.184 -2.878
92 -0.200  0.000 -0.014 -0.742 -1.188  0.858
93 -0.200  0.000 -0.017 -0.816 -1.181  2.952
94 -0.200  0.000 -0.020 -0.827 -1.170  2.667
95 -0.200  0.000 -0.023 -0.666 -1.168 -1.361
96 -0.200  0.000 -0.025 -0.620 -1.176 -2.405
97 -0.200  0.000 -0.028 -0.740 -1.180 -0.286
98 -0.200  0.000 -0.031 -0.723 -1.180  0.418
99 -0.200  0.000 -0.034 -0.739 -1.179  0.669
100  0.200  0.400 -0.037 -0.745 -1.177  0.590
101  0.200  0.400 -0.040 -0.692 -1.174  0.929
102  0.200  0.400 -0.042 -0.476 -1.178 -3.042
103  0.200  0.400 -0.043 -0.241 -1.199 -5.566
104  0.200  0.400 -0.044 -0.111 -1.199  4.092
105  0.200  0.400 -0.044  0.139 -1.169  9.998
106  0.200  0.400 -0.043  0.188 -1.130  10.972
107  0.200  0.400 -0.042  0.338 -1.065  20.669
108  0.200  0.400 -0.041  0.413 -0.971  25.588
109  0.200  0.400 -0.039  0.695 -0.868  26.704
110  0.200  0.400 -0.036  0.593 -0.760  27.331
111  0.200  0.400 -0.034  0.326 -0.661  23.728
112  0.200  0.400 -0.032  0.515 -0.548  31.260
113  0.200  0.400 -0.031  0.383 -0.420  31.833
114  0.200  0.400 -0.030  0.057 -0.314  24.726
115  0.200  0.400 -0.029  0.458 -0.200  29.290
116  0.200  0.400 -0.026  0.643 -0.090  25.895
117  0.200  0.400 -0.025  0.329 -0.005  17.627
118  0.200  0.400 -0.023  0.452  0.077  22.861
119  0.200  0.400 -0.021  0.684  0.184  29.619
120  0.100  0.000 -0.018  0.766  0.304  31.164
121  0.100  0.000 -0.015  0.696  0.430  32.121
122  0.100  0.000 -0.013  0.313  0.527  19.023
123  0.100  0.000 -0.011  0.560  0.613  22.500
124  0.100  0.000 -0.008  0.788  0.711  25.386
125  0.100  0.000 -0.006  0.367  0.788  13.930
126  0.100  0.000 -0.005  0.414  0.842  13.236
127  0.100  0.000 -0.003  0.459  0.909  19.105
128  0.100  0.000 -0.002  0.088  0.959  7.163
129  0.100  0.000 -0.001  0.280  0.986  6.534
130  0.100  0.000 -0.000  0.380  1.024  11.785
131  0.100  0.000  0.001  0.469  1.059  6.800
132  0.100  0.000  0.003  0.278  1.079  3.060
133  0.100  0.000  0.004  0.259  1.103  7.834
134  0.100  0.000  0.005  0.457  1.126  4.049
135  0.100  0.000  0.007  0.406  1.137  2.373
136  0.100  0.000  0.008  0.335  1.155  5.482
137  0.100  0.000  0.010  0.435  1.170  2.701
138  0.100  0.000  0.012  0.473  1.176  1.010
139  0.100  0.000  0.014  0.426  1.182  1.259
140  0.100  0.000  0.015  0.521  1.184 -0.698
141  0.100  0.000  0.017  0.498  1.183 -0.076
142  0.100  0.000  0.019  0.347  1.189  2.617
143  0.100  0.000  0.021  0.429  1.193 -0.018
144  0.100  0.000  0.022  0.454  1.192 -0.537
145  0.100  0.000  0.024  0.444  1.192  0.182
146  0.100  0.000  0.026  0.560  1.186 -1.945
147  0.100  0.000  0.028  0.511  1.173 -4.452
148  0.100  0.000  0.030  0.399  1.155 -4.798
149  0.100  0.000  0.032  0.320  1.151  3.055
150  0.100  0.000  0.033  0.286  1.157  0.099
151  0.100  0.000  0.034  0.297  1.154 -1.822
152  0.100  0.000  0.035  0.408  1.152  0.585
153  0.100  0.000  0.037  0.352  1.148 -2.033
154  0.100  0.000  0.039  0.423  1.141 -1.748
155  0.100  0.000  0.040  0.261  1.139  0.760
156  0.100  0.000  0.041  0.264  1.141  0.267
157  0.100  0.000  0.042  0.312  1.140 -0.508
158  0.100  0.000  0.043  0.332  1.136 -1.513
159  0.100  0.000  0.045  0.325  1.130 -1.710
160  0.000 -0.200  0.046  0.323  1.125 -0.757
161  0.000 -0.200  0.047  0.270  1.121 -0.952
162  0.000 -0.200  0.048  0.248  1.120 -0.331
163  0.000 -0.200  0.049  0.218  1.116 -1.636
164  0.000 -0.200  0.050  0.148  1.104 -4.453
165  0.000 -0.200  0.051  0.231  1.085 -4.971
166  0.000 -0.200  0.051  0.218  1.066 -4.724
167  0.000 -0.200  0.052  0.223  1.040 -7.733
168  0.000 -0.200  0.053  0.180  1.000 -12.072
169  0.000 -0.200  0.054  0.050  0.946 -14.913
170  0.000 -0.200  0.054  0.018  0.885 -15.608
171  0.000 -0.200  0.054  0.051  0.833 -11.734
172  0.000 -0.200  0.054 -0.011  0.778 -15.286
173  0.000 -0.200  0.054  0.015  0.715 -16.183
174  0.000 -0.200  0.054 -0.029  0.649 -17.007
175  0.000 -0.200  0.054  0.056  0.584 -15.443
176  0.000 -0.200  0.054 -0.085  0.534 -10.412
177  0.000 -0.200  0.054 -0.117  0.483 -13.986
178  0.000 -0.200  0.053 -0.134  0.418 -18.123
179  0.000 -0.200  0.053 -0.131  0.345 -18.996
180  0.200  0.000  0.052  0.014  0.277 -15.671
181  0.200  0.000  0.052 -0.082  0.223 -12.491
182  0.200  0.000  0.052 -0.015  0.172 -12.984
183  0.200  0.000  0.052  0.154  0.123 -12.115
184  0.200  0.000  0.053  0.102  0.079 -9.521
185  0.200  0.000  0.053 -0.025  0.050 -5.911
186  0.200  0.000  0.053  0.195  0.023 -6.521
187  0.200  0.000  0.055  0.384  0.002 -4.545
188  0.200  0.000  0.056  0.181 -0.016 -4.051
189  0.200  0.000  0.056  0.219 -0.034 -4.921
190  0.200  0.000  0.058  0.450 -0.050 -4.167
191  0.200  0.000  0.060  0.444 -0.064 -2.716
192  0.200  0.000  0.061  0.414 -0.073 -1.852
193  0.200  0.000  0.063  0.500 -0.087 -4.340
194  0.200  0.000  0.065  0.607 -0.102 -3.147
195  0.200  0.000  0.068  0.507 -0.106  1.071
196  0.200  0.000  0.070  0.584 -0.103  1.166
197  0.200  0.000  0.072  0.699 -0.098  1.584
198  0.200  0.000  0.075  0.698 -0.091  1.940
199  0.200  0.000  0.078  0.676 -0.084  1.926
200 -0.200  0.200  0.081  0.757 -0.075  2.244
201 -0.200  0.200  0.084  0.749 -0.069  1.037
202 -0.200  0.200  0.086  0.452 -0.069 -0.742
203 -0.200  0.200  0.088  0.330 -0.077 -2.268
204 -0.200  0.200  0.089  0.264 -0.072  3.532
205 -0.200  0.200  0.090  0.044 -0.048  8.345
206 -0.200  0.200  0.090 -0.046 -0.012  9.854
207 -0.200  0.200  0.090 -0.003  0.022  8.704
208 -0.200  0.200  0.089 -0.293  0.073  14.904
209 -0.200  0.200  0.087 -0.443  0.141  19.289
210 -0.200  0.200  0.085 -0.568  0.221  21.079
211 -0.200  0.200  0.083 -0.647  0.305  20.933
212 -0.200  0.200  0.080 -0.598  0.392  22.363
213 -0.200  0.200  0.078 -0.616  0.477  21.175
214 -0.200  0.200  0.076 -0.391  0.552  15.675
215 -0.200  0.200  0.075 -0.361  0.610  13.745
216 -0.200  0.200  0.073 -0.636  0.666  13.941
217 -0.200  0.200  0.070 -0.721  0.724  15.175
218 -0.200  0.200  0.067 -0.637  0.796  19.907
219 -0.200  0.200  0.065 -0.661  0.866  16.275
220  0.000  0.400  0.062 -0.430  0.919  11.678
221  0.000  0.400  0.061 -0.460  0.970  12.581
222  0.000  0.400  0.059 -0.574  1.024  14.819
223  0.000  0.400  0.056 -0.605  1.090  17.502
224  0.000  0.400  0.054 -0.563  1.163  19.025
225  0.000  0.400  0.052 -0.482  1.243  20.272
226  0.000  0.400  0.051 -0.000  1.288  3.446
227  0.000  0.400  0.051 -0.056  1.312  8.384
228  0.000  0.400  0.050 -0.081  1.379  22.293
229  0.000  0.400  0.050 -0.158  1.482  29.054
230  0.000  0.400  0.049 -0.408  1.587  26.021
231  0.000  0.400  0.047 -0.290  1.690  24.207
232  0.000  0.400  0.047 -0.166  1.762  14.623
233  0.000  0.400  0.046  0.002  1.853  27.297
234  0.000  0.400  0.046 -0.006  1.974  33.476
235  0.000  0.400  0.046 -0.223  2.080  21.967
236  0.000  0.400  0.046  0.224  2.166  21.058
237  0.000  0.400  0.046  0.137  2.277  31.974
238  0.000  0.400  0.047  0.040  2.413  36.463
239  0.000  0.400  0.046 -0.274  2.553  33.068
240  0.000  0.200  0.045 -0.165  2.675  28.960
241  0.000  0.200  0.046  0.485  2.765  19.267
242  0.000  0.200  0.047  0.123  2.863  26.428
243  0.000  0.200  0.048  0.050  2.977  30.452
244  0.000  0.200  0.048  0.067  3.101  32.258
245  0.000  0.200  0.048  0.023  3.226  29.759
246  0.000  0.200  0.049  0.442  3.297  9.794
247  0.000  0.200  0.050  0.028  3.352  14.907
248  0.000  0.200  0.050  0.002  3.425  20.474
249  0.000  0.200  0.050 -0.012  3.512  22.832
250  0.000  0.200  0.049 -0.204  3.597  19.850
251  0.000  0.200  0.049 -0.131  3.677  19.927
252  0.000  0.200  0.048 -0.062  3.754  18.586
253  0.000  0.200  0.049  0.212  3.813  11.198
254  0.000  0.200  0.049  0.179  3.862  12.648
255  0.000  0.200  0.050  0.082  3.917  14.575
256  0.000  0.200  0.050 -0.024  3.979  16.467
257  0.000  0.200  0.050 -0.041  4.046  17.027
258  0.000  0.200  0.050 -0.062  4.114  16.854
259  0.000  0.200  0.050  0.240  4.164  9.438
260 -0.100 -0.400  0.051  0.107  4.214  13.058
261 -0.100 -0.400  0.051 -0.003  4.270  14.734
262 -0.100 -0.400  0.051 -0.101  4.323  11.975
263 -0.100 -0.400  0.050 -0.062  4.358  6.311
264 -0.100 -0.400  0.050 -0.000  4.370 -1.051
265 -0.100 -0.400  0.049 -0.396  4.362 -1.994
266 -0.100 -0.400  0.049 -0.030  4.358 -2.320
267 -0.100 -0.400  0.048 -0.240  4.309 -19.006
268 -0.100 -0.400  0.047 -0.322  4.211 -29.852
269 -0.100 -0.400  0.046 -0.223  4.088 -32.284
270 -0.100 -0.400  0.046 -0.073  3.968 -28.753
271 -0.100 -0.400  0.045 -0.160  3.881 -15.702
272 -0.100 -0.400  0.045 -0.087  3.805 -21.490
273 -0.100 -0.400  0.044 -0.261  3.697 -30.965
274 -0.100 -0.400  0.043 -0.329  3.565 -35.076
275 -0.100 -0.400  0.042 -0.007  3.440 -28.371
276 -0.100 -0.400  0.042 -0.125  3.319 -31.373
277 -0.100 -0.400  0.040 -0.449  3.195 -30.362
278 -0.100 -0.400  0.039 -0.318  3.083 -26.555
279 -0.100 -0.400  0.038 -0.324  2.973 -27.771
280 -0.100  0.400  0.035 -0.791  2.866 -26.033
281 -0.100  0.400  0.033 -0.472  2.757 -27.288
282 -0.100  0.400  0.032 -0.214  2.660 -22.455
283 -0.100  0.400  0.031 -0.316  2.580 -17.442
284 -0.100  0.400  0.029 -0.281  2.533 -6.738
285 -0.100  0.400  0.028 -0.310  2.519 -0.242
286 -0.100  0.400  0.027 -0.184  2.521  2.256
287 -0.100  0.400  0.026 -0.395  2.544  8.834
288 -0.100  0.400  0.024 -0.612  2.592  14.785
289 -0.100  0.400  0.021 -0.798  2.651  18.750
290 -0.100  0.400  0.019 -0.553  2.728  20.086
291 -0.100  0.400  0.017 -0.377  2.801  17.839
292 -0.100  0.400  0.015 -0.414  2.895  26.764
293 -0.100  0.400  0.014 -0.358  3.010  31.479
294 -0.100  0.400  0.013  0.059  3.112  21.612
295 -0.100  0.400  0.012 -0.379  3.204  23.441
296 -0.100  0.400  0.011 -0.414  3.315  30.596
297 -0.100  0.400  0.009 -0.569  3.435  30.669
298 -0.100  0.400  0.007 -0.301  3.554  29.681
299 -0.100  0.400  0.006 -0.256  3.672  28.690
300  0.000  0.400  0.005 -0.323  3.793  31.853
301  0.000  0.400  0.004 -0.312  3.917  29.492
302  0.000  0.400  0.002 -0.548  4.020  23.599
303  0.000  0.400  0.000 -0.400  4.131  29.716
304  0.000  0.400 -0.001 -0.469  4.247  28.477
305  0.000  0.400 -0.001  0.164  4.350  22.172
306  0.000  0.400 -0.001  0.136  4.439  23.325
307  0.000  0.400 -0.000  0.122  4.556  32.904
308  0.000  0.400 -0.000  0.112  4.698  38.005
309  0.000  0.400 -0.000 -0.083  4.832  29.183
310  0.000  0.400  0.000  0.168  4.913  16.414
311  0.000  0.400  0.000  0.016  5.011  27.763
312  0.000  0.400  0.000 -0.076  5.134  33.794
313  0.000  0.400 -0.000 -0.132  5.267  34.375
314  0.000  0.400 -0.000 -0.145  5.391  27.808
315  0.000  0.400 -0.000  0.352  5.489  22.905
316  0.000  0.400  0.000  0.051  5.603  31.642
317  0.000  0.400  0.000 -0.236  5.725  30.483
318  0.000  0.400 -0.000 -0.186  5.850  31.808
319  0.000  0.400 -0.001 -0.053  5.955  22.893
320  0.000 -0.200 -0.001  0.004  6.064  29.675
321  0.000 -0.200 -0.001  0.036  6.193  34.649
322  0.000 -0.200 -0.001 -0.041  6.323  30.541
323  0.000 -0.200 -0.000  0.248  6.406  14.215
324  0.000 -0.200  0.000  0.238  6.468  13.926
325  0.000 -0.200  0.000  0.167  6.512  8.122
326  0.000 -0.200  0.001  0.150  6.531  1.461
327  0.000 -0.200  0.002  0.391  6.539  2.240
328  0.000 -0.200  0.004  0.308  6.537 -3.157
329  0.000 -0.200  0.005  0.266  6.528 -1.255
330  0.000 -0.200  0.005 -0.202  6.520 -3.527
331  0.000 -0.200  0.004 -0.349  6.488 -11.555
332  0.000 -0.200  0.003 -0.180  6.438 -13.229
333  0.000 -0.200  0.002 -0.197  6.405 -6.703
334  0.000 -0.200  0.001 -0.189  6.365 -12.815
335  0.000 -0.200  0.001  0.149  6.307 -15.257
336  0.000 -0.200  0.002  0.144  6.244 -16.486
337  0.000 -0.200  0.002  0.071  6.183 -14.260
338  0.000 -0.200  0.002  0.048  6.127 -14.027
339  0.000 -0.200  0.002 -0.011  6.065 -16.378
340  0.100 -0.400  0.002  0.120  6.011 -11.570
341  0.100 -0.400  0.003  0.034  5.955 -15.909
342  0.100 -0.400  0.003  0.107  5.881 -20.859
343  0.100 -0.400  0.003  0.116  5.788 -25.245
344  0.100 -0.400  0.004 -0.003  5.694 -22.326
345  0.100 -0.400  0.004  0.114  5.612 -19.848
346  0.100 -0.400  0.004  0.097  5.515 -27.195
347  0.100 -0.400  0.005  0.213  5.410 -25.541
348  0.100 -0.400  0.006  0.473  5.306 -26.957
349  0.100 -0.400  0.008  0.375  5.188 -30.876
350  0.100 -0.400  0.009  0.362  5.066 -31.039
351  0.100 -0.400  0.011  0.202  4.935 -33.920
352  0.100 -0.400  0.011  0.065  4.840 -22.075
353  0.100 -0.400  0.012  0.349  4.772 -15.218
354  0.100 -0.400  0.013  0.295  4.679 -27.029
355  0.100 -0.400  0.015  0.501  4.572 -27.619
356  0.100 -0.400  0.017  0.459  4.459 -29.486
357  0.100 -0.400  0.018  0.304  4.334 -31.557
358  0.100 -0.400  0.019  0.190  4.220 -26.867
359  0.100 -0.400  0.021  0.424  4.116 -25.807
360 -0.200 -0.200  0.022  0.258  4.004 -28.775
361 -0.200 -0.200  0.023  0.434  3.897 -25.454
362 -0.200 -0.200  0.024  0.144  3.787 -29.056
363 -0.200 -0.200  0.025  0.020  3.667 -31.172
364 -0.200 -0.200  0.025 -0.050  3.547 -29.437
365 -0.200 -0.200  0.024 -0.225  3.430 -28.601
366 -0.200 -0.200  0.023 -0.201  3.336 -19.213
367 -0.200 -0.200  0.022 -0.515  3.272 -13.592
368 -0.200 -0.200  0.020 -0.632  3.211 -15.409
369 -0.200 -0.200  0.017 -0.802  3.147 -16.742
370 -0.200 -0.200  0.014 -0.643  3.084 -14.000
371 -0.200 -0.200  0.012 -0.446  3.035 -11.377
372 -0.200 -0.200  0.010 -0.527  2.982 -14.296
373 -0.200 -0.200  0.007 -0.667  2.918 -17.674
374 -0.200 -0.200  0.005 -0.706  2.841 -20.476
375 -0.200 -0.200  0.003 -0.317  2.782 -10.709
376 -0.200 -0.200  0.001 -0.351  2.737 -11.073
377 -0.200 -0.200  0.000 -0.340  2.698 -8.554
378 -0.200 -0.200 -0.001 -0.610  2.652 -13.214
379 -0.200 -0.200 -0.004 -0.766  2.591 -17.129
380  0.200 -0.400 -0.007 -0.724  2.525 -16.308
381  0.200 -0.400 -0.009 -0.549  2.471 -12.251
382  0.200 -0.400 -0.012 -0.570  2.407 -18.035
383  0.200 -0.400 -0.013 -0.236  2.343 -13.519
384  0.200 -0.400 -0.014 -0.151  2.282 -17.539
385  0.200 -0.400 -0.015 -0.115  2.196 -23.718
386  0.200 -0.400 -0.015  0.014  2.114 -18.030
387  0.200 -0.400 -0.014  0.150  2.028 -24.253
388  0.200 -0.400 -0.014  0.336  1.919 -30.197
389  0.200 -0.400 -0.012  0.454  1.798 -31.117
390  0.200 -0.400 -0.010  0.539  1.673 -31.421
391  0.200 -0.400 -0.008  0.351  1.555 -26.791
392  0.200 -0.400 -0.007  0.282  1.453 -25.563
393  0.200 -0.400 -0.005  0.443  1.338 -29.910
394  0.200 -0.400 -0.004  0.440  1.217 -30.267
395  0.200 -0.400 -0.002  0.281  1.114 -22.981
396  0.200 -0.400 -0.001  0.374  1.013 -26.862
397  0.200 -0.400  0.000  0.635  0.895 -31.697
398  0.200 -0.400  0.003  0.736  0.768 -32.269
399  0.200 -0.400  0.005  0.547  0.649 -27.944
400 -0.200 -0.400  0.007  0.419  0.546 -23.933
401 -0.200 -0.400  0.009  0.500  0.448 -24.877
402 -0.200 -0.400  0.011  0.618  0.338 -29.381
403 -0.200 -0.400  0.014  0.502  0.218 -30.731
404 -0.200 -0.400  0.015 -0.040  0.107 -23.952
405 -0.200 -0.400  0.015  0.206  0.016 -20.855
406 -0.200 -0.400  0.016  0.163 -0.077 -25.775
407 -0.200 -0.400  0.016 -0.037 -0.195 -31.739
408 -0.200 -0.400  0.016 -0.148 -0.323 -32.498
409 -0.200 -0.400  0.014 -0.351 -0.451 -32.645
410 -0.200 -0.400  0.013 -0.232 -0.577 -29.961
411 -0.200 -0.400  0.012 -0.299 -0.698 -31.114
412 -0.200 -0.400  0.011 -0.481 -0.828 -33.933
413 -0.200 -0.400  0.009 -0.562 -0.963 -33.474
414 -0.200 -0.400  0.007 -0.296 -1.089 -30.070
415 -0.200 -0.400  0.006 -0.363 -1.199 -32.395
416 -0.200 -0.400  0.004 -0.618 -1.329 -32.908
417 -0.200 -0.400  0.001 -0.537 -1.446 -26.009
418 -0.200 -0.400  0.000 -0.316 -1.530 -18.782
419 -0.200 -0.400 -0.001 -0.623 -1.624 -25.532
420  0.000 -0.200 -0.004 -0.726 -1.728 -26.188
421  0.000 -0.200 -0.006 -0.384 -1.813 -17.613
422  0.000 -0.200 -0.007 -0.297 -1.918 -31.800
423  0.000 -0.200 -0.009 -0.561 -2.042 -31.249
424  0.000 -0.200 -0.012 -0.606 -2.162 -29.275
425  0.000 -0.200 -0.014 -0.538 -2.271 -24.581
426  0.000 -0.200 -0.016 -0.411 -2.359 -20.456
427  0.000 -0.200 -0.018 -0.427 -2.443 -20.501
428  0.000 -0.200 -0.018 -0.037 -2.536 -25.007
429  0.000 -0.200 -0.019  0.023 -2.613 -17.125
430  0.000 -0.200 -0.019 -0.113 -2.683 -16.775
431  0.000 -0.200 -0.019 -0.184 -2.745 -15.073
432  0.000 -0.200 -0.020 -0.145 -2.803 -13.567
433  0.000 -0.200 -0.021 -0.098 -2.857 -13.022
434  0.000 -0.200 -0.020  0.160 -2.925 -19.133
435  0.000 -0.200 -0.020  0.001 -2.989 -14.707
436  0.000 -0.200 -0.020 -0.012 -3.046 -13.833
437  0.000 -0.200 -0.020  0.000 -3.103 -13.568
438  0.000 -0.200 -0.020 -0.045 -3.154 -11.947
439  0.000 -0.200 -0.020  0.007 -3.202 -11.880
440  0.000  0.400 -0.020  0.037 -3.253 -13.053
441  0.000  0.400 -0.020  0.098 -3.308 -14.894
442  0.000  0.400 -0.020  0.040 -3.362 -12.593
443  0.000  0.400 -0.020 -0.050 -3.394 -4.707
444  0.000  0.400 -0.021 -0.349 -3.402  0.761
445  0.000  0.400 -0.022 -0.261 -3.383  8.630
446  0.000  0.400 -0.022 -0.024 -3.332  16.937
447  0.000  0.400 -0.023 -0.201 -3.256  21.905
448  0.000  0.400 -0.023 -0.052 -3.167  22.780
449  0.000  0.400 -0.023 -0.003 -3.079  22.180
450  0.000  0.400 -0.024 -0.059 -2.970  30.900
451  0.000  0.400 -0.024 -0.015 -2.837  35.811
452  0.000  0.400 -0.024 -0.301 -2.705  30.213
453  0.000  0.400 -0.026 -0.339 -2.592  27.174
454  0.000  0.400 -0.025  0.380 -2.504  18.298
455  0.000  0.400 -0.025  0.073 -2.412  25.905
456  0.000  0.400 -0.024  0.083 -2.291  33.131
457  0.000  0.400 -0.024 -0.043 -2.154  35.243
458  0.000  0.400 -0.025 -0.270 -2.040  24.042
459  0.000  0.400 -0.026 -0.177 -1.952  20.180
460  0.100 -0.200 -0.026 -0.141 -1.850  28.898
461  0.100 -0.200 -0.027  0.023 -1.723  34.162
462  0.100 -0.200 -0.026  0.377 -1.609  23.985
463  0.100 -0.200 -0.026 -0.141 -1.553  7.299
464  0.100 -0.200 -0.025  0.145 -1.510  10.714
465  0.100 -0.200 -0.024  0.438 -1.472  7.467
466  0.100 -0.200 -0.022  0.407 -1.462 -0.801
467  0.100 -0.200 -0.021  0.386 -1.465 -1.226
468  0.100 -0.200 -0.019  0.480 -1.474 -3.060
469  0.100 -0.200 -0.017  0.529 -1.491 -5.028
470  0.100 -0.200 -0.015  0.559 -1.513 -6.054
471  0.100 -0.200 -0.013  0.279 -1.538 -5.708
472  0.100 -0.200 -0.012  0.317 -1.555 -3.232
473  0.100 -0.200 -0.010  0.422 -1.580 -8.562
474  0.100 -0.200 -0.009  0.457 -1.624 -12.439
475  0.100 -0.200 -0.007  0.535 -1.672 -12.379
476  0.100 -0.200 -0.005  0.453 -1.732 -16.435
477  0.100 -0.200 -0.003  0.446 -1.783 -13.775
478  0.100 -0.200 -0.002  0.150 -1.822 -6.467
479  0.100 -0.200 -0.001  0.223 -1.856 -9.909
480 -0.100 -0.400 -0.000  0.281 -1.908 -15.242
481 -0.100 -0.400  0.000  0.437 -1.965 -13.761
482 -0.100 -0.400  0.002  0.417 -2.023 -15.901
483 -0.100 -0.400  0.004  0.286 -2.096 -20.268
484 -0.100 -0.400  0.004  0.025 -2.185 -24.661
485 -0.100 -0.400  0.004 -0.270 -2.280 -23.304
486 -0.100 -0.400  0.003 -0.232 -2.370 -22.685
487 -0.100 -0.400  0.002 -0.197 -2.467 -24.571
488 -0.100 -0.400  0.001 -0.258 -2.566 -25.738
489 -0.100 -0.400  0.000 -0.391 -2.682 -31.409
490 -0.100 -0.400 -0.001 -0.407 -2.812 -33.511
491 -0.100 -0.400 -0.002 -0.318 -2.928 -24.201
492 -0.100 -0.400 -0.004 -0.380 -3.018 -22.240
493 -0.100 -0.400 -0.005 -0.416 -3.128 -30.311
494 -0.100 -0.400 -0.007 -0.381 -3.258 -33.949
495 -0.100 -0.400 -0.008 -0.052 -3.379 -27.700
496 -0.100 -0.400 -0.008 -0.146 -3.490 -27.965
497 -0.100 -0.400 -0.010 -0.643 -3.591 -23.625
498 -0.100 -0.400 -0.012 -0.224 -3.694 -25.407
499 -0.100 -0.400 -0.012  0.032 -3.787 -23.476
500 -0.100  0.200 -0.012 -0.232 -3.903 -32.167
501 -0.100  0.200 -0.013 -0.252 -4.035 -33.502
502 -0.100  0.200 -0.014  0.065 -4.138 -21.299
503 -0.100  0.200 -0.014 -0.240 -4.225 -20.782
504 -0.100  0.200 -0.015 -0.193 -4.282 -9.162
505 -0.100  0.200 -0.016 -0.383 -4.321 -8.431
506 -0.100  0.200 -0.018 -0.640 -4.343 -3.181
507 -0.100  0.200 -0.021 -0.769 -4.343  2.540
508 -0.100  0.200 -0.024 -0.800 -4.330  4.548
509 -0.100  0.200 -0.027 -0.630 -4.316  2.157
510 -0.100  0.200 -0.029 -0.503 -4.314  0.539
511 -0.100  0.200 -0.031 -0.450 -4.291  9.313
512 -0.100  0.200 -0.033 -0.403 -4.245  13.841
513 -0.100  0.200 -0.035 -0.429 -4.199  9.353
514 -0.100  0.200 -0.036 -0.303 -4.173  5.422
515 -0.100  0.200 -0.038 -0.470 -4.134  12.141
516 -0.100  0.200 -0.040 -0.477 -4.077  16.517
517 -0.100  0.200 -0.041 -0.400 -4.000  21.100
518 -0.100  0.200 -0.042 -0.168 -3.927  15.386
519 -0.100  0.200 -0.043 -0.090 -3.884  8.485
520  0.100  0.200 -0.044 -0.259 -3.830  15.747
521  0.100  0.200 -0.045 -0.408 -3.762  17.943
522  0.100  0.200 -0.047 -0.370 -3.688  19.923
523  0.100  0.200 -0.047 -0.082 -3.614  16.572
524  0.100  0.200 -0.048  0.048 -3.568  8.512
525  0.100  0.200 -0.047  0.304 -3.526  11.325
526  0.100  0.200 -0.046  0.324 -3.470  15.620
527  0.100  0.200 -0.044  0.339 -3.413  13.496
528  0.100  0.200 -0.044  0.068 -3.372  8.140
529  0.100  0.200 -0.043  0.133 -3.330  11.992
530  0.100  0.200 -0.042  0.283 -3.279  13.233
531  0.100  0.200 -0.041  0.355 -3.228  13.235
532  0.100  0.200 -0.040  0.275 -3.166  16.924
533  0.100  0.200 -0.038  0.401 -3.091  20.557
534  0.100  0.200 -0.037  0.279 -3.016  17.672
535  0.100  0.200 -0.036  0.368 -2.959  11.867
536  0.100  0.200 -0.035  0.254 -2.905  13.624
537  0.100  0.200 -0.034  0.183 -2.849  14.463
538  0.100  0.200 -0.033  0.243 -2.789  15.019
539  0.100  0.200 -0.032  0.262 -2.729  15.096
540  0.200  0.400 -0.031  0.331 -2.675  16.027
541  0.200  0.400 -0.030  0.206 -2.617  12.839
542  0.200  0.400 -0.029  0.121 -2.568  12.325
543  0.200  0.400 -0.028  0.240 -2.505  17.317
544  0.200  0.400 -0.027  0.361 -2.427  21.573
545  0.200  0.400 -0.025  0.623 -2.336  24.106
546  0.200  0.400 -0.023  0.640 -2.243  23.139
547  0.200  0.400 -0.021  0.271 -2.165  17.695
548  0.200  0.400 -0.019  0.536 -2.077  24.507
549  0.200  0.400 -0.017  0.575 -1.971  28.272
550  0.200  0.400 -0.015  0.372 -1.869  23.207
551  0.200  0.400 -0.014  0.393 -1.784  21.317
552  0.200  0.400 -0.011  0.594 -1.680  28.501
553  0.200  0.400 -0.009  0.611 -1.561  31.894
554  0.200  0.400 -0.007  0.684 -1.430  33.297
555  0.200  0.400 -0.004  0.438 -1.331  19.647
556  0.200  0.400 -0.002  0.592 -1.230  28.381
557  0.200  0.400 -0.000  0.574 -1.109  31.302
558  0.200  0.400  0.001  0.314 -0.998  26.302
559  0.200  0.400  0.003  0.680 -0.886  28.225
560  0.000  0.000  0.006  0.675 -0.772  28.583
561  0.000  0.000  0.007  0.291 -0.672  23.074
562  0.000  0.000  0.009  0.498 -0.568  27.491
563  0.000  0.000  0.012  0.748 -0.463  25.729
564  0.000  0.000  0.014  0.585 -0.365  22.697
565  0.000  0.000  0.016  0.366 -0.290  17.647
566  0.000  0.000  0.018  0.476 -0.215  18.525
567  0.000  0.000  0.020  0.481 -0.145  16.284
568  0.000  0.000  0.022  0.477 -0.089  12.327
569  0.000  0.000  0.024  0.464 -0.040  12.056
570  0.000  0.000  0.025  0.305  0.004  10.461
571  0.000  0.000  0.026  0.230  0.039  6.977
572  0.000  0.000  0.027  0.093  0.058  2.563
573  0.000  0.000  0.027  0.152  0.073  5.262
574  0.000  0.000  0.028  0.278  0.107  9.706
575  0.000  0.000  0.029  0.058  0.125  1.467
576  0.000  0.000  0.029 -0.085  0.121 -3.187
577  0.000  0.000  0.029  0.069  0.121  1.982
578  0.000  0.000  0.029  0.083  0.136  5.089
579  0.000  0.000  0.029  0.059  0.146  0.530
580 -0.200 -0.200  0.029 -0.111  0.136 -4.982
581 -0.200 -0.200  0.029  0.007  0.129  0.746
582 -0.200 -0.200  0.029 -0.008  0.137  2.486
583 -0.200 -0.200  0.028 -0.218  0.126 -6.292
584 -0.200 -0.200  0.027 -0.346  0.092 -10.473
585 -0.200 -0.200  0.026 -0.429  0.055 -8.817
586 -0.200 -0.200  0.024 -0.412  0.024 -7.727
587 -0.200 -0.200  0.022 -0.543 -0.021 -14.164
588 -0.200 -0.200  0.020 -0.618 -0.082 -16.269
589 -0.200 -0.200  0.018 -0.414 -0.135 -11.687
590 -0.200 -0.200  0.016 -0.659 -0.187 -13.291
591 -0.200 -0.200  0.013 -0.579 -0.236 -11.627
592 -0.200 -0.200  0.010 -0.805 -0.299 -18.246
593 -0.200 -0.200  0.007 -0.879 -0.375 -20.622
594 -0.200 -0.200  0.004 -0.487 -0.439 -11.300
595 -0.200 -0.200  0.002 -0.570 -0.486 -12.525
596 -0.200 -0.200  0.000 -0.674 -0.549 -17.952
597 -0.200 -0.200 -0.002 -0.776 -0.623 -19.572
598 -0.200 -0.200 -0.005 -0.711 -0.700 -18.446
599 -0.200 -0.200 -0.008 -0.592 -0.766 -16.137
600  0.100  0.200 -0.010 -0.698 -0.826 -13.925
601  0.100  0.200 -0.013 -0.579 -0.884 -14.460
602  0.100  0.200 -0.015 -0.533 -0.935 -11.402
603  0.100  0.200 -0.017 -0.298 -0.964 -5.857
604  0.100  0.200 -0.017 -0.153 -0.979 -2.228
605  0.100  0.200 -0.018 -0.219 -0.990 -2.836
606  0.100  0.200 -0.019 -0.145 -0.999 -1.480
607  0.100  0.200 -0.019 -0.004 -1.000  1.198
608  0.100  0.200 -0.019  0.014 -0.991  3.038
609  0.100  0.200 -0.019  0.103 -0.978  3.814
610  0.100  0.200 -0.018  0.219 -0.953  7.845
611  0.100  0.200 -0.017  0.262 -0.916  10.947
612  0.100  0.200 -0.016  0.321 -0.873  11.070
613  0.100  0.200 -0.015  0.259 -0.836  8.381
614  0.100  0.200 -0.014  0.266 -0.796  10.795
615  0.100  0.200 -0.013  0.355 -0.745  14.000
616  0.100  0.200 -0.012  0.283 -0.691  13.826
617  0.100  0.200 -0.010  0.315 -0.633  15.278
618  0.100  0.200 -0.009  0.350 -0.572  15.256
619  0.100  0.200 -0.007  0.435 -0.513  14.378
620  0.000  0.000 -0.006  0.204 -0.463  11.041
621  0.000  0.000 -0.005  0.162 -0.414  13.095
622  0.000  0.000 -0.005  0.154 -0.357  14.953
623  0.000  0.000 -0.004  0.185 -0.306  10.833
624  0.000  0.000 -0.003  0.208 -0.267  9.650
625  0.000  0.000 -0.003  0.139 -0.231  8.362
626  0.000  0.000 -0.002  0.077 -0.198  7.745
627  0.000  0.000 -0.002  0.094 -0.168  7.527
628  0.000  0.000 -0.001  0.118 -0.137  7.720
629  0.000  0.000 -0.001  0.114 -0.109  6.617
630  0.000  0.000 -0.000  0.112 -0.081  7.015
631  0.000  0.000 -0.000  0.122 -0.054  6.533
632  0.000  0.000  0.000  0.133 -0.031  5.196
633  0.000  0.000  0.000  0.145 -0.009  5.819
634  0.000  0.000  0.001  0.085  0.010  4.360
635  0.000  0.000  0.001  0.118  0.028  4.486
636  0.000  0.000  0.002  0.132  0.046  4.133
637  0.000  0.000  0.002  0.096  0.057  2.015
638  0.000  0.000  0.002  0.128  0.065  1.494
639  0.000  0.000  0.003  0.112  0.069  0.871
640 -0.100  0.400  0.003  0.058  0.077  2.720
641 -0.100  0.400  0.004  0.062  0.084  1.380
642 -0.100  0.400  0.004  0.039  0.092  2.474
643 -0.100  0.400  0.004  0.045  0.101  1.872
644 -0.100  0.400  0.004 -0.148  0.120  6.116
645 -0.100  0.400  0.003 -0.343  0.155  11.411
646 -0.100  0.400  0.001 -0.469  0.205  14.172
647 -0.100  0.400 -0.000 -0.572  0.270  18.343
648 -0.100  0.400 -0.003 -0.620  0.349  21.154
649 -0.100  0.400 -0.005 -0.536  0.434  21.861
650 -0.100  0.400 -0.006 -0.127  0.499  13.151
651 -0.100  0.400 -0.007 -0.293  0.576  23.207
652 -0.100  0.400 -0.008 -0.337  0.683  29.822
653 -0.100  0.400 -0.010 -0.451  0.797  28.018
654 -0.100  0.400 -0.011 -0.167  0.882  17.802
655 -0.100  0.400 -0.012 -0.420  0.974  25.906
656 -0.100  0.400 -0.014 -0.358  1.095  34.050
657 -0.100  0.400 -0.015 -0.315  1.237  37.446
658 -0.100  0.400 -0.017 -0.583  1.365  27.481
659 -0.100  0.400 -0.017  0.102  1.433  9.545
660  0.100  0.000 -0.018 -0.220  1.506  23.011
661  0.100  0.000 -0.019 -0.238  1.621  33.156
662  0.100  0.000 -0.020 -0.242  1.755  35.373
663  0.100  0.000 -0.021 -0.173  1.888  31.569
664  0.100  0.000 -0.022 -0.214  1.980  14.667
665  0.100  0.000 -0.021  0.242  2.021  8.551
666  0.100  0.000 -0.020  0.259  2.064  10.427
667  0.100  0.000 -0.019  0.323  2.103  9.245
668  0.100  0.000 -0.018  0.160  2.138  8.647
669  0.100  0.000 -0.018  0.072  2.183  12.079
670  0.100  0.000 -0.017  0.219  2.221  7.999
671  0.100  0.000 -0.016  0.303  2.247  4.824
672  0.100  0.000 -0.015  0.327  2.268  5.374
673  0.100  0.000 -0.014  0.142  2.299  9.121
674  0.100  0.000 -0.013  0.294  2.324  4.471
675  0.100  0.000 -0.012  0.477  2.335  1.473
676  0.100  0.000 -0.010  0.496  2.334 -2.095
677  0.100  0.000 -0.008  0.555  2.323 -3.277
678  0.100  0.000 -0.006  0.266  2.323  3.121
679  0.100  0.000 -0.005  0.191  2.344  6.118
680  0.000 -0.200 -0.004  0.281  2.355  0.949
681  0.000 -0.200 -0.003  0.411  2.357  0.132
682  0.000 -0.200 -0.001  0.361  2.355 -1.562
683  0.000 -0.200 -0.000  0.355  2.342 -4.476
684  0.000 -0.200  0.001  0.357  2.321 -6.712
685  0.000 -0.200  0.002  0.330  2.289 -9.345
686  0.000 -0.200  0.004  0.421  2.253 -9.231
687  0.000 -0.200  0.005  0.349  2.210 -11.836
688  0.000 -0.200  0.006  0.289  2.159 -13.641
689  0.000 -0.200  0.007  0.143  2.099 -16.207
690  0.000 -0.200  0.008  0.036  2.034 -16.553
691  0.000 -0.200  0.007 -0.178  1.968 -16.806
692  0.000 -0.200  0.007 -0.176  1.901 -16.205
693  0.000 -0.200  0.006 -0.277  1.839 -14.756
694  0.000 -0.200  0.005 -0.106  1.784 -12.705
695  0.000 -0.200  0.005 -0.020  1.731 -13.779
696  0.000 -0.200  0.004 -0.079  1.671 -15.669
697  0.000 -0.200  0.004 -0.071  1.609 -15.028
698  0.000 -0.200  0.004 -0.077  1.549 -14.704
699  0.000 -0.200  0.003 -0.206  1.487 -16.559
700  0.100 -0.400  0.003 -0.159  1.419 -17.353
701  0.100 -0.400  0.002 -0.013  1.355 -15.213
702  0.100 -0.400  0.002  0.126  1.297 -13.942
703  0.100 -0.400  0.003  0.130  1.234 -16.602
704  0.100 -0.400  0.003  0.113  1.162 -19.667
705  0.100 -0.400  0.004  0.154  1.069 -25.831
706  0.100 -0.400  0.005  0.309  0.961 -28.213
707  0.100 -0.400  0.006  0.305  0.847 -29.298
708  0.100 -0.400  0.007  0.385  0.738 -25.422
709  0.100 -0.400  0.009  0.367  0.636 -25.217
710  0.100 -0.400  0.010  0.210  0.547 -19.851
711  0.100 -0.400  0.011  0.248  0.455 -25.291
712  0.100 -0.400  0.012  0.266  0.345 -29.766
713  0.100 -0.400  0.014  0.407  0.230 -29.099
714  0.100 -0.400  0.015  0.301  0.106 -32.629
715  0.100 -0.400  0.016  0.363 -0.017 -29.952
716  0.100 -0.400  0.018  0.384 -0.129 -26.967
717  0.100 -0.400  0.019  0.294 -0.240 -26.727
718  0.100 -0.400  0.020  0.207 -0.339 -24.357
719  0.100 -0.400  0.021  0.098 -0.451 -30.423
720 -0.200  0.400  0.021  0.040 -0.579 -33.374
721 -0.200  0.400  0.022  0.354 -0.705 -29.917
722 -0.200  0.400  0.023  0.314 -0.809 -23.940
723 -0.200  0.400  0.023 -0.084 -0.885 -15.030
724 -0.200  0.400  0.023 -0.310 -0.928 -6.774
725 -0.200  0.400  0.021 -0.436 -0.935  2.751
726 -0.200  0.400  0.019 -0.603 -0.917  6.553
727 -0.200  0.400  0.017 -0.681 -0.893  6.411
728 -0.200  0.400  0.014 -0.800 -0.860  11.027
729 -0.200  0.400  0.010 -0.948 -0.806  15.661
730 -0.200  0.400  0.007 -0.919 -0.736  19.665
731 -0.200  0.400  0.004 -0.648 -0.637  28.620
732 -0.200  0.400  0.002 -0.427 -0.522  29.604
733 -0.200  0.400  0.000 -0.237 -0.423  21.861
734 -0.200  0.400 -0.000 -0.382 -0.317  29.708
735 -0.200  0.400 -0.002 -0.413 -0.185  35.930
736 -0.200  0.400 -0.003 -0.450 -0.042  36.302
737 -0.200  0.400 -0.006 -0.967  0.072  23.950
738 -0.200  0.400 -0.010 -0.671  0.184  28.577
739 -0.200  0.400 -0.011 -0.181  0.275  18.802
740  0.100  0.000 -0.012 -0.344  0.354  20.886
741  0.100  0.000 -0.014 -0.520  0.463  30.866
742  0.100  0.000 -0.016 -0.429  0.592  34.193
743  0.100  0.000 -0.017 -0.364  0.723  32.093
744  0.100  0.000 -0.018 -0.187  0.825  19.818
745  0.100  0.000 -0.019 -0.130  0.872  5.396
746  0.100  0.000 -0.020 -0.119  0.895  4.960
747  0.100  0.000 -0.020  0.037  0.921  7.059
748  0.100  0.000 -0.019  0.171  0.952  8.630
749  0.100  0.000 -0.019  0.102  0.978  4.726
750  0.100  0.000 -0.019  0.020  0.999  5.606
751  0.100  0.000 -0.018  0.084  1.012  1.590
752  0.100  0.000 -0.018  0.224  1.014 -0.568
753  0.100  0.000 -0.017  0.342  1.017  1.210
754  0.100  0.000 -0.016  0.134  1.031  6.107
755  0.100  0.000 -0.015  0.038  1.045  1.538
756  0.100  0.000 -0.015  0.280  1.055  2.359
757  0.100  0.000 -0.014  0.203  1.062  1.299
758  0.100  0.000 -0.013  0.141  1.073  3.939
759  0.100  0.000 -0.012  0.231  1.085  2.415
760 -0.200  0.200 -0.011  0.245  1.095  2.449
761 -0.200  0.200 -0.010  0.232  1.104  2.032
762 -0.200  0.200 -0.009  0.252  1.113  2.833
763 -0.200  0.200 -0.008  0.244  1.124  2.384
764 -0.200  0.200 -0.007  0.244  1.134  2.503
765 -0.200  0.200 -0.007  0.180  1.146  3.776
766 -0.200  0.200 -0.006  0.054  1.166  6.225
767 -0.200  0.200 -0.006 -0.126  1.201  10.705
768 -0.200  0.200 -0.007 -0.355  1.253  15.264
769 -0.200  0.200 -0.009 -0.548  1.316  16.678
770 -0.200  0.200 -0.011 -0.430  1.383  16.685
771 -0.200  0.200 -0.012 -0.306  1.440  12.839
772 -0.200  0.200 -0.014 -0.596  1.498  14.951
773 -0.200  0.200 -0.017 -0.690  1.563  17.629
774 -0.200  0.200 -0.020 -0.721  1.634  17.778
775 -0.200  0.200 -0.023 -0.809  1.700  16.232
776 -0.200  0.200 -0.026 -0.605  1.774  19.913
777 -0.200  0.200 -0.028 -0.471  1.840  13.662
778 -0.200  0.200 -0.030 -0.491  1.896  14.088
779 -0.200  0.200 -0.032 -0.514  1.949  11.758
780 -0.100  0.000 -0.033 -0.341  1.991  10.485
781 -0.100  0.000 -0.035 -0.565  2.041  13.362
782 -0.100  0.000 -0.038 -0.598  2.098  15.292
783 -0.100  0.000 -0.040 -0.641  2.154  13.339
784 -0.100  0.000 -0.043 -0.645  2.201  10.296
785 -0.100  0.000 -0.044 -0.256  2.232  5.221
786 -0.100  0.000 -0.045 -0.196  2.246  2.253
787 -0.100  0.000 -0.046 -0.288  2.253  1.012
788 -0.100  0.000 -0.048 -0.322  2.259  1.954
789 -0.100  0.000 -0.049 -0.374  2.267  1.667
790 -0.100  0.000 -0.050 -0.339  2.275  2.413
791 -0.100  0.000 -0.051 -0.159  2.275 -1.664
792 -0.100  0.000 -0.052 -0.195  2.267 -2.180
793 -0.100  0.000 -0.053 -0.332  2.260 -1.994
794 -0.100  0.000 -0.054 -0.358  2.255 -0.073
795 -0.100  0.000 -0.056 -0.323  2.261  1.964
796 -0.100  0.000 -0.057 -0.355  2.262 -0.274
797 -0.100  0.000 -0.058 -0.254  2.258 -2.042
798 -0.100  0.000 -0.059 -0.261  2.249 -2.143
799 -0.100  0.000 -0.060 -0.331  2.242 -1.357
800  0.000  0.000 -0.062 -0.377  2.240  0.176
801  0.000  0.000 -0.063 -0.407  2.242  0.807
802  0.000  0.000 -0.065 -0.351  2.243 -0.273
803  0.000  0.000 -0.066 -0.262  2.237 -2.168
804  0.000  0.000 -0.067 -0.260  2.228 -2.429
805  0.000  0.000 -0.068 -0.294  2.221 -1.281
806  0.000  0.000 -0.069 -0.269  2.217 -1.006
807  0.000  0.000 -0.070 -0.242  2.210 -1.722
808  0.000  0.000 -0.071 -0.203  2.201 -2.387
809  0.000  0.000 -0.072 -0.240  2.196 -0.956
810  0.000  0.000 -0.073 -0.216  2.190 -1.591
811  0.000  0.000 -0.074 -0.193  2.185 -1.135
812  0.000  0.000 -0.075 -0.166  2.180 -1.460
813  0.000  0.000 -0.075 -0.148  2.175 -0.889
814  0.000  0.000 -0.076 -0.096  2.172 -0.445
815  0.000  0.000 -0.076 -0.092  2.171 -0.040
816  0.000  0.000 -0.077 -0.089  2.170 -0.472
817  0.000  0.000 -0.077 -0.077  2.168 -0.457
818  0.000  0.000 -0.077 -0.039  2.167 -0.451
819  0.000  0.000 -0.077 -0.020  2.166  0.226
820 -0.100 -0.200 -0.077  0.010  2.166  0.060
821 -0.100 -0.200 -0.077  0.020  2.167  0.005
822 -0.100 -0.200 -0.077  0.022  2.166 -0.121
823 -0.100 -0.200 -0.077  0.030  2.165 -0.257
824 -0.100 -0.200 -0.077  0.052  2.163 -0.916
825 -0.100 -0.200 -0.077  0.045  2.159 -1.089
826 -0.100 -0.200 -0.076  0.023  2.153 -1.950
827 -0.100 -0.200 -0.076  0.012  2.144 -2.681
828 -0.100 -0.200 -0.076  0.007  2.128 -5.020
829 -0.100 -0.200 -0.076  0.015  2.100 -8.867
830 -0.100 -0.200 -0.076 -0.034  2.061 -10.505
831 -0.100 -0.200 -0.077 -0.102  2.014 -12.400
832 -0.100 -0.200 -0.077 -0.111  1.956 -16.705
833 -0.100 -0.200 -0.078 -0.231  1.881 -20.542
834 -0.100 -0.200 -0.079 -0.287  1.799 -20.850
835 -0.100 -0.200 -0.080 -0.250  1.717 -20.576
836 -0.100 -0.200 -0.080 -0.059  1.664 -7.512
837 -0.100 -0.200 -0.081 -0.263  1.633 -7.688
838 -0.100 -0.200 -0.083 -0.362  1.588 -13.483
839 -0.100 -0.200 -0.084 -0.454  1.525 -17.758
840 -0.100  0.200 -0.086 -0.543  1.446 -21.728
841 -0.100  0.200 -0.088 -0.489  1.364 -19.788
842 -0.100  0.200 -0.090 -0.268  1.317 -6.701
843 -0.100  0.200 -0.091 -0.299  1.284 -7.790
844 -0.100  0.200 -0.092 -0.409  1.260 -4.437
845 -0.100  0.200 -0.094 -0.491  1.248 -2.013
846 -0.100  0.200 -0.096 -0.487  1.242 -0.530
847 -0.100  0.200 -0.098 -0.474  1.240 -0.664
848 -0.100  0.200 -0.100 -0.458  1.246  3.576
849 -0.100  0.200 -0.102 -0.416  1.268  6.773
850 -0.100  0.200 -0.103 -0.481  1.287  3.623
851 -0.100  0.200 -0.105 -0.493  1.305  5.232
852 -0.100  0.200 -0.107 -0.514  1.339  10.752
853 -0.100  0.200 -0.109 -0.499  1.384  14.635
854 -0.100  0.200 -0.111 -0.396  1.436  12.094
855 -0.100  0.200 -0.112 -0.171  1.465  4.206
856 -0.100  0.200 -0.113 -0.233  1.503  12.638
857 -0.100  0.200 -0.114 -0.205  1.562  16.561
858 -0.100  0.200 -0.114 -0.159  1.614  10.714
859 -0.100  0.200 -0.115 -0.222  1.662  13.041
860  0.100 -0.200 -0.116 -0.258  1.729  19.930
861  0.100 -0.200 -0.117 -0.309  1.815  23.161
862  0.100 -0.200 -0.119 -0.335  1.899  19.306
863  0.100 -0.200 -0.120 -0.245  1.952  8.129
864  0.100 -0.200 -0.120  0.056  1.964 -0.831
865  0.100 -0.200 -0.120  0.138  1.964 -1.053
866  0.100 -0.200 -0.119  0.196  1.956 -3.266
867  0.100 -0.200 -0.118  0.173  1.944 -3.004
868  0.100 -0.200 -0.118 -0.029  1.943  1.254
869  0.100 -0.200 -0.118  0.229  1.933 -4.918
870  0.100 -0.200 -0.116  0.446  1.901 -10.221
871  0.100 -0.200 -0.115  0.427  1.862 -9.758
872  0.100 -0.200 -0.113  0.425  1.821 -10.803
873  0.100 -0.200 -0.111  0.456  1.774 -12.377
874  0.100 -0.200 -0.109  0.496  1.724 -12.569
875  0.100 -0.200 -0.107  0.486  1.675 -12.859
876  0.100 -0.200 -0.106  0.298  1.635 -8.759
877  0.100 -0.200 -0.104  0.340  1.594 -10.975
878  0.100 -0.200 -0.103  0.263  1.549 -11.211
879  0.100 -0.200 -0.102  0.195  1.512 -8.310
880  0.000 -0.400 -0.101  0.311  1.472 -10.548
881  0.000 -0.400 -0.100  0.396  1.424 -13.734
882  0.000 -0.400 -0.098  0.439  1.357 -19.344
883  0.000 -0.400 -0.097  0.354  1.272 -23.266
884  0.000 -0.400 -0.096  0.137  1.186 -20.484
885  0.000 -0.400 -0.095  0.166  1.095 -24.944
886  0.000 -0.400 -0.095  0.061  0.985 -29.083
887  0.000 -0.400 -0.094  0.197  0.870 -28.625
888  0.000 -0.400 -0.093  0.109  0.768 -23.544
889  0.000 -0.400 -0.093  0.140  0.669 -25.449
890  0.000 -0.400 -0.092  0.116  0.556 -30.071
891  0.000 -0.400 -0.092  0.097  0.431 -32.886
892  0.000 -0.400 -0.091  0.288  0.315 -26.598
893  0.000 -0.400 -0.091 -0.020  0.221 -21.248
894  0.000 -0.400 -0.091  0.026  0.127 -25.175
895  0.000 -0.400 -0.091 -0.086  0.007 -32.942
896  0.000 -0.400 -0.092 -0.190 -0.130 -36.660
897  0.000 -0.400 -0.092  0.006 -0.267 -31.997
898  0.000 -0.400 -0.092 -0.372 -0.350 -12.562
899  0.000 -0.400 -0.094 -0.256 -0.433 -24.779
900  0.100  0.000 -0.094 -0.180 -0.547 -32.057
901  0.100  0.000 -0.095 -0.054 -0.680 -34.460
902  0.100  0.000 -0.095  0.214 -0.799 -26.182
903  0.100  0.000 -0.095 -0.113 -0.870 -12.526
904  0.100  0.000 -0.095  0.071 -0.938 -18.279
905  0.100  0.000 -0.094  0.154 -1.010 -18.022
906  0.100  0.000 -0.093  0.166 -1.076 -15.092
907  0.100  0.000 -0.093  0.065 -1.119 -8.496
908  0.100  0.000 -0.092  0.176 -1.162 -11.550
909  0.100  0.000 -0.092 -0.016 -1.214 -12.758
910  0.100  0.000 -0.092  0.265 -1.251 -7.352
911  0.100  0.000 -0.090  0.419 -1.272 -3.458
912  0.100  0.000 -0.089  0.452 -1.280 -0.440
913  0.100  0.000 -0.088  0.095 -1.307 -11.146
914  0.100  0.000 -0.087  0.159 -1.340 -6.600
915  0.100  0.000 -0.086  0.374 -1.351  0.697
916  0.100  0.000 -0.084  0.436 -1.347  2.106
917  0.100  0.000 -0.083  0.394 -1.355 -4.803
918  0.100  0.000 -0.081  0.362 -1.361  0.611
919  0.100  0.000 -0.080  0.449 -1.348  5.579
920 -0.200 -0.400 -0.078  0.541 -1.325  6.399
921 -0.200 -0.400 -0.075  0.632 -1.306  3.817
922 -0.200 -0.400 -0.074  0.288 -1.302 -2.416
923 -0.200 -0.400 -0.073 -0.005 -1.323 -7.582
924 -0.200 -0.400 -0.073 -0.146 -1.359 -10.938
925 -0.200 -0.400 -0.074 -0.329 -1.410 -14.330
926 -0.200 -0.400 -0.076 -0.398 -1.475 -17.798
927 -0.200 -0.400 -0.076  0.022 -1.528 -10.109
928 -0.200 -0.400 -0.077 -0.210 -1.577 -13.834
929 -0.200 -0.400 -0.079 -0.624 -1.650 -21.911
930 -0.200 -0.400 -0.081 -0.686 -1.743 -25.390
931 -0.200 -0.400 -0.084 -0.601 -1.843 -25.300
932 -0.200 -0.400 -0.086 -0.417 -1.928 -18.186
933 -0.200 -0.400 -0.087 -0.275 -1.995 -15.528
934 -0.200 -0.400 -0.089 -0.486 -2.080 -24.902
935 -0.200 -0.400 -0.091 -0.631 -2.196 -32.342
936 -0.200 -0.400 -0.093 -0.668 -2.330 -34.767
937 -0.200 -0.400 -0.096 -0.451 -2.460 -30.491
938 -0.200 -0.400 -0.099 -0.995 -2.569 -24.686
939 -0.200 -0.400 -0.102 -0.697 -2.680 -28.203
940  0.100 -0.200 -0.104 -0.449 -2.785 -26.454
941  0.100 -0.200 -0.107 -0.721 -2.903 -30.859
942  0.100 -0.200 -0.110 -0.699 -3.022 -30.180
943  0.100 -0.200 -0.111 -0.235 -3.134 -24.583
944  0.100 -0.200 -0.112  0.083 -3.217 -19.674
945  0.100 -0.200 -0.112 -0.093 -3.309 -24.527
946  0.100 -0.200 -0.112 -0.090 -3.393 -17.492
947  0.100 -0.200 -0.112 -0.005 -3.447 -11.954
948  0.100 -0.200 -0.112 -0.133 -3.510 -17.963
949  0.100 -0.200 -0.113 -0.080 -3.585 -20.051
950  0.100 -0.200 -0.113  0.137 -3.663 -19.250
951  0.100 -0.200 -0.112  0.294 -3.737 -18.298
952  0.100 -0.200 -0.111  0.170 -3.811 -18.409
953  0.100 -0.200 -0.110  0.279 -3.887 -19.205
954  0.100 -0.200 -0.109  0.193 -3.961 -16.911
955  0.100 -0.200 -0.109  0.040 -4.020 -13.845
956  0.100 -0.200 -0.108  0.191 -4.079 -15.406
957  0.100 -0.200 -0.107  0.280 -4.145 -17.612
958  0.100 -0.200 -0.106  0.272 -4.211 -15.602
959  0.100 -0.200 -0.105  0.145 -4.266 -13.113
960  0.000  0.000 -0.104  0.361 -4.324 -15.313
961  0.000  0.000 -0.103  0.322 -4.385 -15.059
962  0.000  0.000 -0.102  0.230 -4.442 -13.312
963  0.000  0.000 -0.101  0.296 -4.491 -12.062
964  0.000  0.000 -0.100  0.271 -4.540 -12.001
965  0.000  0.000 -0.099  0.263 -4.587 -11.108
966  0.000  0.000 -0.097  0.322 -4.626 -8.562
967  0.000  0.000 -0.096  0.246 -4.658 -7.717
968  0.000  0.000 -0.095  0.302 -4.692 -8.616
969  0.000  0.000 -0.094  0.126 -4.722 -6.327
970  0.000  0.000 -0.094  0.002 -4.737 -1.482
971  0.000  0.000 -0.094 -0.122 -4.736  1.613
972  0.000  0.000 -0.095 -0.178 -4.725  3.993
973  0.000  0.000 -0.096 -0.111 -4.712  2.869
974  0.000  0.000 -0.095  0.165 -4.713 -2.978
975  0.000  0.000 -0.095  0.224 -4.730 -5.057
976  0.000  0.000 -0.094  0.025 -4.738 -0.211
977  0.000  0.000 -0.094 -0.075 -4.731  3.409
978  0.000  0.000 -0.095 -0.163 -4.715  5.854
979  0.000  0.000 -0.095 -0.108 -4.694  5.300
980  0.000  0.200 -0.095  0.315 -4.696 -5.322
981  0.000  0.200 -0.094  0.156 -4.704 -0.469
982  0.000  0.200 -0.094 -0.001 -4.696  4.152
983  0.000  0.200 -0.094 -0.157 -4.675  6.803
984  0.000  0.200 -0.095 -0.158 -4.642  9.238
985  0.000  0.200 -0.095 -0.028 -4.613  5.013
986  0.000  0.200 -0.094  0.221 -4.606  0.766
987  0.000  0.200 -0.094  0.090 -4.584  8.491
988  0.000  0.200 -0.094 -0.060 -4.534  16.154
989  0.000  0.200 -0.094 -0.197 -4.465  18.704
990  0.000  0.200 -0.095 -0.164 -4.390  19.234
991  0.000  0.200 -0.095  0.130 -4.343  5.707
992  0.000  0.200 -0.095  0.094 -4.317  7.197
993  0.000  0.200 -0.094 -0.000 -4.269  15.350
994  0.000  0.200 -0.095 -0.215 -4.206  16.437
995  0.000  0.200 -0.096 -0.190 -4.138  17.219
996  0.000  0.200 -0.096 -0.026 -4.067  18.109
997  0.000  0.200 -0.096  0.024 -4.003  14.927
998  0.000  0.200 -0.096  0.011 -3.941  15.859
999  0.000  0.200 -0.096 -0.043 -3.873  17.137
1000  0.100  0.400 -0.097 -0.065 -3.811  14.402
1001  0.100  0.400 -0.096  0.200 -3.757  12.567
1002  0.100  0.400 -0.095  0.100 -3.698  15.867
1003  0.100  0.400 -0.095  0.014 -3.628  19.351
1004  0.100  0.400 -0.095  0.087 -3.548  20.078
1005  0.100  0.400 -0.095 -0.025 -3.473  19.206
1006  0.100  0.400 -0.095  0.173 -3.381  25.699
1007  0.100  0.400 -0.094  0.277 -3.269  30.242
1008  0.100  0.400 -0.093  0.137 -3.173  19.462
1009  0.100  0.400 -0.092  0.149 -3.088  22.530
1010  0.100  0.400 -0.092  0.240 -2.979  30.766
1011  0.100  0.400 -0.090  0.282 -2.848  34.542
1012  0.100  0.400 -0.090  0.052 -2.719  30.090
1013  0.100  0.400 -0.089  0.275 -2.625  19.122
1014  0.100  0.400 -0.088  0.392 -2.530  26.284
1015  0.100  0.400 -0.086  0.378 -2.413  31.984
1016  0.100  0.400 -0.085  0.292 -2.283  32.994
1017  0.100  0.400 -0.084  0.435 -2.167  26.265
1018  0.100  0.400 -0.082  0.475 -2.069  24.227
1019  0.100  0.400 -0.080  0.416 -1.953  32.353
1020 -0.200  0.400 -0.079  0.298 -1.822  33.110
1021 -0.200  0.400 -0.078  0.364 -1.712  23.605
1022 -0.200  0.400 -0.076  0.221 -1.613  25.241
1023 -0.200  0.400 -0.076 -0.015 -1.498  30.975
1024 -0.200  0.400 -0.076 -0.185 -1.371  33.268
1025 -0.200  0.400 -0.077 -0.223 -1.234  35.256
1026 -0.200  0.400 -0.078 -0.215 -1.094  34.322
1027 -0.200  0.400 -0.079 -0.133 -0.977  26.068
1028 -0.200  0.400 -0.079 -0.218 -0.865  28.593
1029 -0.200  0.400 -0.081 -0.467 -0.741  32.902
1030 -0.200  0.400 -0.083 -0.549 -0.609  33.477
1031 -0.200  0.400 -0.085 -0.567 -0.472  35.342
1032 -0.200  0.400 -0.087 -0.476 -0.338  31.643
1033 -0.200  0.400 -0.088 -0.328 -0.225  26.749
1034 -0.200  0.400 -0.090 -0.476 -0.106  31.089
1035 -0.200  0.400 -0.092 -0.643  0.017  31.042
1036 -0.200  0.400 -0.095 -0.598  0.136  29.063
1037 -0.200  0.400 -0.097 -0.482  0.256  31.217
1038 -0.200  0.400 -0.099 -0.584  0.375  28.616
1039 -0.200  0.400 -0.101 -0.530  0.479  24.821
1040 -0.200 -0.200 -0.104 -0.698  0.586  27.435
1041 -0.200 -0.200 -0.106 -0.550  0.686  30.240
1042 -0.200 -0.200 -0.108 -0.431  0.787  21.780
1043 -0.200 -0.200 -0.110 -0.787  0.867  17.869
1044 -0.200 -0.200 -0.114 -0.916  0.924  11.157
1045 -0.200 -0.200 -0.117 -0.766  0.963  8.095
1046 -0.200 -0.200 -0.119 -0.334  1.007  9.902
1047 -0.200 -0.200 -0.121 -0.624  1.007 -5.548
1048 -0.200 -0.200 -0.124 -0.744  0.978 -9.796
1049 -0.200 -0.200 -0.127 -0.682  0.933 -13.366
1050 -0.200 -0.200 -0.130 -0.693  0.868 -18.670
1051 -0.200 -0.200 -0.132 -0.689  0.794 -18.962
1052 -0.200 -0.200 -0.136 -0.954  0.744 -6.964
1053 -0.200 -0.200 -0.139 -0.714  0.718 -6.479
1054 -0.200 -0.200 -0.142 -0.688  0.674 -13.981
1055 -0.200 -0.200 -0.144 -0.696  0.611 -17.801
1056 -0.200 -0.200 -0.147 -0.669  0.537 -19.087
1057 -0.200 -0.200 -0.149 -0.498  0.465 -17.183
1058 -0.200 -0.200 -0.152 -0.844  0.421 -5.460
1059 -0.200 -0.200 -0.155 -0.657  0.388 -9.116
1060  0.200  0.400 -0.158 -0.675  0.336 -16.199
1061  0.200  0.400 -0.161 -0.809  0.271 -15.715
1062  0.200  0.400 -0.163 -0.356  0.243 -0.802
1063  0.200  0.400 -0.163  0.090  0.249  4.152
1064  0.200  0.400 -0.163  0.146  0.256  0.863
1065  0.200  0.400 -0.163  0.091  0.263  2.880
1066  0.200  0.400 -0.163 -0.054  0.287  7.274
1067  0.200  0.400 -0.162  0.181  0.318  9.447
1068  0.200  0.400 -0.161  0.354  0.369  15.542
1069  0.200  0.400 -0.160  0.447  0.432  16.179
1070  0.200  0.400 -0.158  0.323  0.492  14.921
1071  0.200  0.400 -0.157  0.429  0.563  19.568
1072  0.200  0.400 -0.155  0.551  0.652  25.088
1073  0.200  0.400 -0.152  0.829  0.751  24.855
1074  0.200  0.400 -0.149  0.519  0.844  21.641
1075  0.200  0.400 -0.147  0.424  0.933  23.151
1076  0.200  0.400 -0.145  0.639  1.040  29.306
1077  0.200  0.400 -0.143  0.569  1.162  31.622
1078  0.200  0.400 -0.141  0.194  1.269  24.014
1079  0.200  0.400 -0.140  0.614  1.380  29.571
1080 -0.100 -0.400 -0.137  0.733  1.502  31.407
1081 -0.100 -0.400 -0.135  0.516  1.612  23.870
1082 -0.100 -0.400 -0.133  0.527  1.694  19.107
1083 -0.100 -0.400 -0.130  0.655  1.771  18.454
1084 -0.100 -0.400 -0.128  0.611  1.834  13.536
1085 -0.100 -0.400 -0.125  0.448  1.871  5.175
1086 -0.100 -0.400 -0.124  0.368  1.881 -0.088
1087 -0.100 -0.400 -0.123  0.097  1.871 -5.539
1088 -0.100 -0.400 -0.122  0.354  1.847 -6.800
1089 -0.100 -0.400 -0.121  0.055  1.792 -19.331
1090 -0.100 -0.400 -0.122 -0.255  1.695 -29.222
1091 -0.100 -0.400 -0.123 -0.378  1.570 -33.706
1092 -0.100 -0.400 -0.124 -0.248  1.438 -32.183
1093 -0.100 -0.400 -0.125 -0.005  1.329 -25.316
1094 -0.100 -0.400 -0.126 -0.547  1.234 -20.304
1095 -0.100 -0.400 -0.126  0.098  1.180 -9.158
1096 -0.100 -0.400 -0.127 -0.270  1.105 -24.425
1097 -0.100 -0.400 -0.128 -0.448  0.998 -29.788
1098 -0.100 -0.400 -0.130 -0.209  0.885 -27.192
1099 -0.100 -0.400 -0.130 -0.249  0.770 -30.252
1100 -0.100 -0.200 -0.131 -0.257  0.643 -32.573
1101 -0.100 -0.200 -0.132 -0.214  0.520 -30.820
1102 -0.100 -0.200 -0.134 -0.451  0.383 -35.591
1103 -0.100 -0.200 -0.135 -0.308  0.253 -30.204
1104 -0.100 -0.200 -0.137 -0.426  0.168 -19.997
1105 -0.100 -0.200 -0.139 -0.687  0.086 -20.517
1106 -0.100 -0.200 -0.141 -0.590 -0.003 -23.514
1107 -0.100 -0.200 -0.143 -0.322 -0.086 -18.981
1108 -0.100 -0.200 -0.145 -0.406 -0.157 -16.405
1109 -0.100 -0.200 -0.146 -0.426 -0.202 -7.223
1110 -0.100 -0.200 -0.148 -0.275 -0.241 -10.407
1111 -0.100 -0.200 -0.149 -0.367 -0.295 -15.865
1112 -0.100 -0.200 -0.150 -0.177 -0.358 -14.993
1113 -0.100 -0.200 -0.151 -0.147 -0.415 -13.689
1114 -0.100 -0.200 -0.152 -0.336 -0.458 -8.411
1115 -0.100 -0.200 -0.153 -0.227 -0.499 -11.959
1116 -0.100 -0.200 -0.154 -0.426 -0.561 -18.109
1117 -0.100 -0.200 -0.156 -0.317 -0.634 -18.897
1118 -0.100 -0.200 -0.157 -0.173 -0.705 -17.141
1119 -0.100 -0.200 -0.158 -0.209 -0.771 -16.043
1120 -0.100 -0.200 -0.158 -0.183 -0.830 -13.575
1121 -0.100 -0.200 -0.159 -0.414 -0.890 -15.671
1122 -0.100 -0.200 -0.161 -0.442 -0.955 -16.776
1123 -0.100 -0.200 -0.163 -0.507 -1.024 -17.763
1124 -0.100 -0.200 -0.165 -0.466 -1.093 -16.799
1125 -0.100 -0.200 -0.166 -0.336 -1.152 -13.211
1126 -0.100 -0.200 -0.168 -0.223 -1.202 -11.587
1127 -0.100 -0.200 -0.169 -0.267 -1.252 -12.922
1128 -0.100 -0.200 -0.170 -0.305 -1.310 -15.412
1129 -0.100 -0.200 -0.171 -0.440 -1.374 -16.835
1130 -0.100 -0.200 -0.173 -0.330 -1.430 -11.472
1131 -0.100 -0.200 -0.174 -0.363 -1.474 -10.916
1132 -0.100 -0.200 -0.176 -0.296 -1.520 -11.755
1133 -0.100 -0.200 -0.177 -0.238 -1.575 -15.233
1134 -0.100 -0.200 -0.178 -0.257 -1.640 -17.011
1135 -0.100 -0.200 -0.179 -0.352 -1.709 -17.337
1136 -0.100 -0.200 -0.180 -0.352 -1.763 -10.479
1137 -0.100 -0.200 -0.182 -0.382 -1.811 -12.872
1138 -0.100 -0.200 -0.183 -0.286 -1.867 -14.695
1139 -0.100 -0.200 -0.184 -0.247 -1.930 -16.775
1140  0.100  0.400 -0.185 -0.332 -2.001 -18.801
1141  0.100  0.400 -0.187 -0.395 -2.075 -18.393
1142  0.100  0.400 -0.188 -0.295 -2.129 -10.276
1143  0.100  0.400 -0.189 -0.326 -2.168 -8.707
1144  0.100  0.400 -0.190 -0.180 -2.188 -1.267
1145  0.100  0.400 -0.191  0.021 -2.176  6.926
1146  0.100  0.400 -0.190  0.305 -2.143  10.014
1147  0.100  0.400 -0.189  0.295 -2.097  14.037
1148  0.100  0.400 -0.188  0.213 -2.023  22.477
1149  0.100  0.400 -0.187  0.188 -1.924  27.056
1150  0.100  0.400 -0.187  0.085 -1.814  28.978
1151  0.100  0.400 -0.186  0.277 -1.690  32.587
1152  0.100  0.400 -0.184  0.735 -1.578  25.193
1153  0.100  0.400 -0.182  0.322 -1.475  24.742
1154  0.100  0.400 -0.181  0.184 -1.365  30.101
1155  0.100  0.400 -0.180  0.364 -1.241  31.467
1156  0.100  0.400 -0.178  0.458 -1.119  30.335
1157  0.100  0.400 -0.177 -0.006 -1.006  26.906
1158  0.100  0.400 -0.177  0.101 -0.886  31.359
1159  0.100  0.400 -0.176  0.228 -0.754  33.723
1160  0.200 -0.200 -0.176  0.081 -0.633  27.698
1161  0.200 -0.200 -0.175  0.368 -0.541  20.343
1162  0.200 -0.200 -0.173  0.473 -0.447  24.258
1163  0.200 -0.200 -0.171  0.550 -0.359  20.754
1164  0.200 -0.200 -0.169  0.579 -0.292  12.682
1165  0.200 -0.200 -0.167  0.261 -0.267  1.655
1166  0.200 -0.200 -0.166  0.442 -0.267 -2.823
1167  0.200 -0.200 -0.164  0.573 -0.280 -4.902
1168  0.200 -0.200 -0.162  0.351 -0.297 -3.766
1169  0.200 -0.200 -0.161  0.383 -0.322 -8.289
1170  0.200 -0.200 -0.159  0.540 -0.359 -10.252
1171  0.200 -0.200 -0.157  0.377 -0.391 -6.843
1172  0.200 -0.200 -0.155  0.490 -0.430 -11.601
1173  0.200 -0.200 -0.152  0.765 -0.487 -15.992
1174  0.200 -0.200 -0.149  0.760 -0.549 -15.864
1175  0.200 -0.200 -0.147  0.682 -0.611 -14.697
1176  0.200 -0.200 -0.144  0.720 -0.671 -15.246
1177  0.200 -0.200 -0.141  0.818 -0.736 -16.817
1178  0.200 -0.200 -0.138  0.395 -0.782 -7.173
1179  0.200 -0.200 -0.137  0.444 -0.816 -9.274
1180  0.000 -0.200 -0.134  0.689 -0.865 -14.407
1181  0.000 -0.200 -0.131  0.789 -0.927 -16.430
1182  0.000 -0.200 -0.128  0.692 -0.987 -14.214
1183  0.000 -0.200 -0.127  0.296 -1.026 -6.895
1184  0.000 -0.200 -0.125  0.392 -1.070 -13.086
1185  0.000 -0.200 -0.124  0.306 -1.127 -15.076
1186  0.000 -0.200 -0.123  0.085 -1.174 -9.437
1187  0.000 -0.200 -0.122  0.350 -1.215 -10.825
1188  0.000 -0.200 -0.120  0.359 -1.267 -14.911
1189  0.000 -0.200 -0.119  0.326 -1.329 -16.709
1190  0.000 -0.200 -0.118  0.175 -1.401 -18.684
1191  0.000 -0.200 -0.118 -0.120 -1.466 -14.469
1192  0.000 -0.200 -0.119 -0.199 -1.524 -14.557
1193  0.000 -0.200 -0.119 -0.129 -1.590 -17.516
1194  0.000 -0.200 -0.119  0.048 -1.650 -12.885
1195  0.000 -0.200 -0.119  0.019 -1.697 -11.365
1196  0.000 -0.200 -0.119 -0.045 -1.755 -16.461
1197  0.000 -0.200 -0.119 -0.006 -1.821 -16.702
1198  0.000 -0.200 -0.119  0.023 -1.874 -11.212
1199  0.000 -0.200 -0.119  0.061 -1.930 -15.388
1200  0.000  0.400 -0.119  0.024 -1.998 -18.188
1201  0.000  0.400 -0.119  0.013 -2.069 -17.034
1202  0.000  0.400 -0.119  0.021 -2.112 -6.840
1203  0.000  0.400 -0.119  0.009 -2.134 -2.996
1204  0.000  0.400 -0.119 -0.028 -2.133  3.359
1205  0.000  0.400 -0.119 -0.079 -2.113  6.412
1206  0.000  0.400 -0.119 -0.035 -2.088  7.260
1207  0.000  0.400 -0.119 -0.074 -2.043  14.022
1208  0.000  0.400 -0.120 -0.054 -1.974  20.081
1209  0.000  0.400 -0.120  0.098 -1.897  18.392
1210  0.000  0.400 -0.119  0.094 -1.818  22.056
1211  0.000  0.400 -0.119 -0.013 -1.709  31.286
1212  0.000  0.400 -0.119 -0.077 -1.577  35.224
1213  0.000  0.400 -0.120 -0.120 -1.451  28.469
1214  0.000  0.400 -0.120  0.122 -1.351  23.824
1215  0.000  0.400 -0.120 -0.022 -1.238  30.685
1216  0.000  0.400 -0.120 -0.001 -1.102  35.929
1217  0.000  0.400 -0.120 -0.072 -0.962  34.448
1218  0.000  0.400 -0.120  0.005 -0.859  18.362
1219  0.000  0.400 -0.120  0.090 -0.775  22.356
1220  0.200 -0.400 -0.119 -0.022 -0.665  30.910
1221  0.200 -0.400 -0.119 -0.025 -0.535  34.193
1222  0.200 -0.400 -0.120 -0.109 -0.432  18.622
1223  0.200 -0.400 -0.120  0.130 -0.391  3.919
1224  0.200 -0.400 -0.119  0.275 -0.378  0.604
1225  0.200 -0.400 -0.117  0.480 -0.384 -3.756
1226  0.200 -0.400 -0.115  0.484 -0.400 -4.962
1227  0.200 -0.400 -0.114  0.370 -0.415 -3.410
1228  0.200 -0.400 -0.112  0.502 -0.446 -11.397
1229  0.200 -0.400 -0.110  0.608 -0.499 -18.186
1230  0.200 -0.400 -0.107  0.768 -0.576 -20.625
1231  0.200 -0.400 -0.104  0.731 -0.653 -19.078
1232  0.200 -0.400 -0.102  0.577 -0.736 -21.997
1233  0.200 -0.400 -0.099  0.542 -0.841 -28.482
1234  0.200 -0.400 -0.097  0.511 -0.962 -31.403
1235  0.200 -0.400 -0.095  0.525 -1.069 -22.574
1236  0.200 -0.400 -0.093  0.512 -1.150 -19.343
1237  0.200 -0.400 -0.091  0.569 -1.254 -29.588
1238  0.200 -0.400 -0.089  0.580 -1.385 -35.189
1239  0.200 -0.400 -0.086  0.733 -1.513 -30.215
1240  0.200  0.200 -0.083  0.591 -1.607 -17.610
1241  0.200  0.200 -0.081  0.660 -1.684 -20.005
1242  0.200  0.200 -0.078  0.669 -1.780 -26.469
1243  0.200  0.200 -0.075  0.654 -1.880 -24.997
1244  0.200  0.200 -0.073  0.763 -1.968 -19.338
1245  0.200  0.200 -0.070  0.402 -2.020 -6.946
1246  0.200  0.200 -0.069  0.156 -2.029  0.965
1247  0.200  0.200 -0.068  0.428 -2.025  2.256
1248  0.200  0.200 -0.066  0.594 -2.013  3.742
1249  0.200  0.200 -0.064  0.467 -1.996  4.832