0 -0.027  0.027  0.000 -0.000 -0.013 -0.000
1 -0.064  0.064  0.000 -0.000 -0.013 -0.000
2 -0.104  0.104  0.000 -0.009 -0.012  0.219
3 -0.141  0.141  0.000 -0.023 -0.011  0.562
4 -0.173  0.173  0.000 -0.034 -0.008  0.788
5 -0.201  0.201  0.000 -0.056 -0.003  1.061
6 -0.223  0.223  0.000 -0.046  0.000  0.817
7 -0.241  0.241 -0.000 -0.114  0.010  2.152
8 -0.255  0.255 -0.000 -0.141  0.022  3.313
9 -0.266  0.266 -0.001 -0.164  0.038  3.963
10 -0.274  0.274 -0.002 -0.209  0.055  5.054
11 -0.280  0.280 -0.003 -0.262  0.075  5.609
12 -0.285  0.285 -0.004 -0.283  0.099  6.494
13 -0.289  0.289 -0.005 -0.366  0.127  7.362
14 -0.292  0.292 -0.007 -0.386  0.158  8.285
15 -0.294  0.294 -0.008 -0.403  0.191  8.564
16 -0.295  0.295 -0.010 -0.437  0.226  9.013
17 -0.296  0.296 -0.012 -0.448  0.262  9.523
18 -0.297  0.297 -0.014 -0.457  0.299  9.673
19 -0.298  0.298 -0.015 -0.472  0.337  10.031
20 -0.244  0.271 -0.017 -0.510  0.377  10.461
21 -0.169  0.234 -0.019 -0.519  0.418  10.505
22 -0.090  0.194 -0.021 -0.496  0.463  11.847
23 -0.016  0.157 -0.023 -0.496  0.507  11.128
24  0.048  0.125 -0.025 -0.466  0.552  11.899
25  0.102  0.098 -0.027 -0.427  0.598  11.817
26  0.147  0.076 -0.028 -0.402  0.643  11.393
27  0.182  0.058 -0.030 -0.357  0.686  10.846
28  0.210  0.044 -0.031 -0.302  0.729  11.084
29  0.232  0.033 -0.032 -0.245  0.769  10.263
30  0.249  0.025 -0.033 -0.181  0.808  9.205
31  0.261  0.019 -0.033 -0.111  0.847  9.553
32  0.271  0.014 -0.033 -0.057  0.882  8.717
33  0.278  0.010 -0.033 -0.016  0.915  8.205
34  0.284  0.007 -0.033  0.049  0.945  7.446
35  0.288  0.005 -0.033  0.098  0.973  6.963
36  0.291  0.004 -0.032  0.162  0.999  6.751
37  0.293  0.003 -0.032  0.184  1.023  6.271
38  0.295  0.002 -0.031  0.234  1.044  5.349
39  0.296  0.001 -0.030  0.279  1.063  4.774
40  0.270 -0.052 -0.028  0.328  1.081  4.615
41  0.233 -0.128 -0.027  0.353  1.096  4.028
42  0.194 -0.208 -0.025  0.372  1.106  2.607
43  0.157 -0.282 -0.024  0.371  1.113  1.506
44  0.125 -0.347 -0.022  0.375  1.114 -0.030
45  0.098 -0.402 -0.021  0.380  1.107 -2.028
46  0.076 -0.446 -0.020  0.345  1.090 -5.064
47  0.058 -0.482 -0.018  0.337  1.065 -7.061
48  0.044 -0.510 -0.017  0.277  1.031 -9.077
49  0.033 -0.532 -0.016  0.186  0.984 -12.782
50  0.025 -0.548 -0.016  0.122  0.924 -15.648
51  0.019 -0.561 -0.015  0.201  0.864 -15.451
52  0.014 -0.571 -0.014  0.191  0.802 -16.517
53  0.010 -0.578 -0.014  0.131  0.737 -19.490
54  0.007 -0.584 -0.013  0.136  0.661 -20.134
55  0.005 -0.588 -0.013  0.148  0.582 -20.282
56  0.004 -0.591 -0.012  0.139  0.498 -21.562
57  0.003 -0.593 -0.012  0.141  0.412 -21.648
58  0.002 -0.595 -0.011  0.203  0.327 -21.407
59  0.001 -0.596 -0.010  0.110  0.233 -24.404
60 -0.025 -0.516 -0.010  0.108  0.127 -26.444
61 -0.063 -0.403 -0.009  0.218  0.039 -21.772
62 -0.103 -0.285 -0.009  0.152 -0.053 -24.683
63 -0.141 -0.174 -0.009 -0.028 -0.158 -27.585
64 -0.173 -0.077 -0.008  0.112 -0.253 -22.788
65 -0.200  0.004 -0.008  0.155 -0.331 -19.899
66 -0.223  0.070 -0.007  0.078 -0.409 -20.473
67 -0.241  0.123 -0.007  0.105 -0.479 -16.723
68 -0.255  0.165 -0.006  0.150 -0.533 -13.730
69 -0.266  0.198 -0.006  0.041 -0.581 -11.706
70 -0.274  0.223 -0.006  0.060 -0.622 -10.514
71 -0.280  0.242 -0.006  0.030 -0.656 -8.064
72 -0.285  0.257 -0.006 -0.004 -0.683 -6.268
73 -0.289  0.268 -0.006 -0.084 -0.701 -4.626
74 -0.292  0.276 -0.007 -0.117 -0.718 -4.004
75 -0.294  0.282 -0.007 -0.161 -0.727 -1.982
76 -0.295  0.287 -0.008 -0.197 -0.730 -0.364
77 -0.296  0.290 -0.009 -0.226 -0.729  0.711
78 -0.297  0.293 -0.010 -0.276 -0.724  1.618
79 -0.298  0.294 -0.011 -0.304 -0.712  3.326
80 -0.244  0.323 -0.012 -0.360 -0.696  4.171
81 -0.169  0.362 -0.014 -0.382 -0.677  5.546
82 -0.090  0.402 -0.015 -0.398 -0.653  6.247
83 -0.016  0.440 -0.017 -0.375 -0.624  7.795
84  0.048  0.472 -0.018 -0.368 -0.591  8.840
85  0.102  0.500 -0.019 -0.305 -0.549  11.124
86  0.147  0.522 -0.020 -0.155 -0.494  14.920
87  0.182  0.540 -0.020 -0.033 -0.423  18.351
88  0.210  0.554 -0.020  0.028 -0.348  19.430
89  0.232  0.565 -0.020  0.177 -0.258  23.712
90  0.249  0.574 -0.019  0.113 -0.166  22.192
91  0.261  0.580 -0.019  0.027 -0.087  19.841
92  0.271  0.585 -0.019  0.064 -0.003  21.183
93  0.278  0.589 -0.018  0.131  0.085  23.161
94  0.284  0.592 -0.018  0.119  0.170  21.985
95  0.288  0.594 -0.017  0.190  0.260  23.572
96  0.291  0.595 -0.016  0.349  0.361  26.275
97  0.293  0.596 -0.015  0.225  0.454  23.830
98  0.295  0.597 -0.014  0.236  0.544  23.266
99  0.296  0.598 -0.013  0.330  0.638  25.052
100  0.243  0.490 -0.012  0.374  0.738  26.081
101  0.168  0.339 -0.010  0.304  0.832  23.235
102  0.089  0.181 -0.009  0.309  0.918  22.139
103  0.015  0.033 -0.008  0.365  1.003  21.388
104 -0.048 -0.096 -0.007  0.316  1.081  19.623
105 -0.102 -0.204 -0.006  0.270  1.151  17.280
106 -0.147 -0.293 -0.005  0.222  1.210  14.385
107 -0.182 -0.364 -0.005 -0.038  1.240  5.814
108 -0.210 -0.420 -0.006 -0.349  1.234 -2.790
109 -0.232 -0.464 -0.008 -0.452  1.213 -5.588
110 -0.249 -0.498 -0.010 -0.525  1.177 -10.006
111 -0.261 -0.523 -0.012 -0.693  1.121 -15.446
112 -0.271 -0.543 -0.015 -0.730  1.053 -18.095
113 -0.278 -0.557 -0.018 -0.688  0.984 -17.775
114 -0.284 -0.568 -0.020 -0.513  0.922 -15.341
115 -0.288 -0.576 -0.021 -0.437  0.868 -13.671
116 -0.291 -0.582 -0.023 -0.605  0.805 -19.078
117 -0.293 -0.587 -0.026 -0.705  0.720 -22.657
118 -0.295 -0.590 -0.028 -0.293  0.659 -13.791
119 -0.296 -0.593 -0.029 -0.552  0.584 -20.870
120 -0.284 -0.595 -0.032 -0.646  0.495 -23.312
121 -0.265 -0.596 -0.034 -0.636  0.404 -23.439
122 -0.246 -0.597 -0.036 -0.578  0.318 -22.015
123 -0.228 -0.598 -0.039 -0.701  0.219 -26.279
124 -0.212 -0.598 -0.041 -0.530  0.126 -22.746
125 -0.198 -0.599 -0.043 -0.584  0.031 -25.078
126 -0.187 -0.599 -0.046 -0.571 -0.070 -26.403
127 -0.179 -0.599 -0.047 -0.450 -0.165 -24.287
128 -0.172 -0.599 -0.049 -0.328 -0.249 -21.784
129 -0.166 -0.599 -0.050 -0.452 -0.344 -25.373
130 -0.162 -0.599 -0.052 -0.497 -0.450 -27.841
131 -0.159 -0.599 -0.053 -0.181 -0.539 -20.841
132 -0.157 -0.599 -0.053 -0.028 -0.605 -16.484
133 -0.155 -0.599 -0.054 -0.211 -0.689 -22.364
134 -0.153 -0.599 -0.055 -0.322 -0.793 -27.179
135 -0.152 -0.599 -0.056 -0.090 -0.885 -21.029
136 -0.152 -0.599 -0.056  0.026 -0.961 -19.501
137 -0.151 -0.599 -0.056 -0.131 -1.055 -25.205
138 -0.151 -0.599 -0.056 -0.050 -1.145 -22.291
139 -0.150 -0.599 -0.057 -0.104 -1.237 -24.118
140 -0.137 -0.518 -0.058 -0.294 -1.351 -30.704
141 -0.118 -0.405 -0.058 -0.193 -1.460 -27.533
142 -0.098 -0.286 -0.059 -0.140 -1.562 -26.263
143 -0.079 -0.175 -0.059 -0.049 -1.657 -23.746
144 -0.063 -0.078 -0.059  0.084 -1.735 -18.894
145 -0.049  0.003 -0.059  0.059 -1.807 -17.951
146 -0.038  0.070 -0.058  0.080 -1.874 -17.050
147 -0.029  0.123 -0.058  0.079 -1.938 -15.777
148 -0.022  0.165 -0.058  0.103 -1.995 -13.545
149 -0.016  0.198 -0.057  0.102 -2.044 -12.008
150 -0.012  0.223 -0.057  0.079 -2.092 -11.855
151 -0.009  0.242 -0.057  0.100 -2.130 -9.216
152 -0.007  0.257 -0.056  0.154 -2.161 -7.501
153 -0.005  0.268 -0.056  0.103 -2.188 -6.489
154 -0.003  0.276 -0.055  0.094 -2.209 -4.903
155 -0.002  0.282 -0.055  0.134 -2.222 -2.659
156 -0.002  0.287 -0.054  0.097 -2.228 -1.526
157 -0.001  0.290 -0.054  0.079 -2.230 -0.354
158 -0.001  0.293 -0.054  0.080 -2.227  1.100
159 -0.000  0.294 -0.053  0.072 -2.219  2.175
160 -0.014  0.242 -0.053  0.070 -2.207  3.180
161 -0.032  0.167 -0.053  0.072 -2.192  3.961
162 -0.052  0.089 -0.053  0.042 -2.176  3.914
163 -0.071  0.015 -0.053 -0.007 -2.165  2.882
164 -0.087 -0.048 -0.053 -0.023 -2.154  2.744
165 -0.100 -0.103 -0.053 -0.034 -2.145  1.856
166 -0.111 -0.147 -0.053 -0.067 -2.141  0.715
167 -0.120 -0.182 -0.053 -0.091 -2.142 -0.320
168 -0.127 -0.210 -0.054 -0.113 -2.146 -1.221
169 -0.133 -0.232 -0.054 -0.127 -2.154 -2.052
170 -0.137 -0.249 -0.055 -0.195 -2.169 -4.243
171 -0.140 -0.261 -0.056 -0.291 -2.195 -6.955
172 -0.142 -0.271 -0.057 -0.310 -2.225 -7.910
173 -0.144 -0.278 -0.058 -0.242 -2.252 -6.871
174 -0.146 -0.284 -0.059 -0.277 -2.280 -7.706
175 -0.147 -0.288 -0.061 -0.329 -2.315 -9.034
176 -0.147 -0.291 -0.062 -0.411 -2.358 -11.603
177 -0.148 -0.293 -0.064 -0.383 -2.403 -11.470
178 -0.148 -0.295 -0.065 -0.332 -2.438 -10.151
179 -0.149 -0.296 -0.066 -0.365 -2.481 -11.368
180 -0.135 -0.270 -0.068 -0.361 -2.528 -11.563
181 -0.117 -0.233 -0.069 -0.230 -2.562 -8.289
182 -0.097 -0.194 -0.070 -0.250 -2.596 -8.932
183 -0.078 -0.157 -0.070 -0.244 -2.632 -9.300
184 -0.062 -0.125 -0.071 -0.221 -2.666 -8.757
185 -0.049 -0.098 -0.072 -0.189 -2.695 -7.330
186 -0.038 -0.076 -0.073 -0.188 -2.723 -6.961
187 -0.029 -0.058 -0.074 -0.170 -2.750 -6.613
188 -0.022 -0.044 -0.074 -0.187 -2.776 -6.507
189 -0.016 -0.033 -0.075 -0.168 -2.799 -5.974
190 -0.012 -0.025 -0.076 -0.142 -2.821 -5.698
191 -0.009 -0.019 -0.076 -0.137 -2.842 -4.893
192 -0.007 -0.014 -0.077 -0.154 -2.862 -4.879
193 -0.005 -0.010 -0.077 -0.118 -2.879 -4.560
194 -0.003 -0.007 -0.078 -0.117 -2.894 -3.984
195 -0.002 -0.005 -0.078 -0.117 -2.908 -3.477
196 -0.002 -0.004 -0.078 -0.089 -2.920 -2.878
197 -0.001 -0.003 -0.079 -0.085 -2.930 -2.301
198 -0.001 -0.002 -0.079 -0.089 -2.938 -2.277
199 -0.000 -0.001 -0.079 -0.072 -2.945 -1.738
200  0.026  0.025 -0.079 -0.049 -2.951 -1.189
201  0.064  0.063 -0.080 -0.047 -2.955 -0.919
202  0.104  0.103 -0.080 -0.030 -2.957 -0.576
203  0.141  0.141 -0.080 -0.023 -2.958 -0.214
204  0.173  0.173 -0.080  0.008 -2.956  0.432
205  0.201  0.200 -0.080  0.023 -2.953  0.566
206  0.223  0.223 -0.080  0.055 -2.949  1.474
207  0.241  0.241 -0.079  0.092 -2.940  2.140
208  0.255  0.255 -0.079  0.123 -2.929  2.812
209  0.266  0.266 -0.078  0.191 -2.913  4.383
210  0.274  0.274 -0.077  0.244 -2.892  5.620
211  0.280  0.280 -0.076  0.256 -2.870  5.807
212  0.285  0.285 -0.075  0.282 -2.848  6.049
213  0.289  0.289 -0.074  0.370 -2.817  8.282
214  0.292  0.292 -0.072  0.416 -2.781  8.933
215  0.294  0.294 -0.071  0.401 -2.748  8.546
216  0.295  0.295 -0.069  0.500 -2.709  10.431
217  0.296  0.296 -0.066  0.612 -2.660  13.092
218  0.297  0.297 -0.064  0.589 -2.613  12.403
219  0.298  0.298 -0.062  0.469 -2.576  9.289
220  0.271  0.244 -0.060  0.491 -2.540  9.661
221  0.234  0.169 -0.058  0.554 -2.498  11.054
222  0.194  0.090 -0.056  0.538 -2.458  10.686
223  0.157  0.016 -0.054  0.543 -2.419  9.636
224  0.125 -0.048 -0.052  0.527 -2.385  8.764
225  0.098 -0.102 -0.050  0.519 -2.354  8.188
226  0.076 -0.147 -0.048  0.474 -2.328  6.650
227  0.058 -0.182 -0.046  0.450 -2.307  5.261
228  0.044 -0.210 -0.045  0.488 -2.292  4.029
229  0.033 -0.232 -0.043  0.441 -2.280  2.688
230  0.025 -0.249 -0.041  0.383 -2.277  0.341
231  0.019 -0.261 -0.040  0.402 -2.278 -0.075
232  0.014 -0.271 -0.038  0.374 -2.281 -1.501
233  0.010 -0.278 -0.037  0.267 -2.297 -4.455
234  0.007 -0.284 -0.036  0.280 -2.316 -4.710
235  0.005 -0.288 -0.035  0.266 -2.336 -5.045
236  0.004 -0.291 -0.034  0.194 -2.364 -7.590
237  0.003 -0.293 -0.033  0.204 -2.395 -7.954
238  0.002 -0.295 -0.032  0.179 -2.424 -7.298
239  0.001 -0.296 -0.032  0.098 -2.464 -10.614
240  0.001 -0.297 -0.032  0.080 -2.508 -11.137
241  0.000 -0.298 -0.031  0.171 -2.541 -9.483
242  0.000 -0.298 -0.030  0.197 -2.576 -9.115
243  0.000 -0.299 -0.030  0.187 -2.613 -9.713
244  0.000 -0.299 -0.029  0.188 -2.650 -9.739
245  0.000 -0.299 -0.028  0.203 -2.687 -9.777
246  0.000 -0.299 -0.027  0.143 -2.729 -10.756
247  0.000 -0.299 -0.027  0.139 -2.774 -11.390
248  0.000 -0.299 -0.026  0.164 -2.817 -10.834
249  0.000 -0.299 -0.026  0.128 -2.864 -12.061
250  0.000 -0.299 -0.026  0.040 -2.917 -13.810
251  0.000 -0.299 -0.025  0.082 -2.972 -13.676
252  0.000 -0.299 -0.025  0.117 -3.024 -13.104
253  0.000 -0.299 -0.024  0.161 -3.073 -12.000
254  0.000 -0.299 -0.024  0.132 -3.123 -12.866
255  0.000 -0.299 -0.023  0.112 -3.177 -13.807
256  0.000 -0.299 -0.023  0.103 -3.232 -14.441
257  0.000 -0.299 -0.023  0.082 -3.291 -15.312
258  0.000 -0.299 -0.022  0.094 -3.349 -14.880
259  0.000 -0.299 -0.022  0.094 -3.408 -15.859
260  0.000 -0.218 -0.021  0.125 -3.467 -15.417
261  0.000 -0.105 -0.021  0.151 -3.524 -14.578
262  0.000  0.013 -0.020  0.188 -3.577 -13.240
263  0.000  0.124 -0.019  0.210 -3.625 -12.183
264  0.000  0.221 -0.019  0.192 -3.668 -10.691
265  0.000  0.303 -0.018  0.221 -3.704 -8.473
266  0.000  0.370 -0.017  0.234 -3.729 -6.344
267  0.000  0.423 -0.016  0.201 -3.750 -5.481
268  0.000  0.465 -0.015  0.168 -3.762 -2.267
269  0.000  0.498 -0.014  0.252 -3.762  0.819
270  0.000  0.523 -0.013  0.216 -3.753  2.532
271  0.000  0.542 -0.013  0.236 -3.734  5.329
272  0.000  0.557 -0.012  0.263 -3.704  8.170
273  0.000  0.568 -0.010  0.297 -3.666  10.501
274  0.000  0.576 -0.009  0.232 -3.622  11.579
275  0.000  0.582 -0.008  0.306 -3.568  14.456
276  0.000  0.587 -0.007  0.321 -3.505  16.939
277  0.000  0.590 -0.006  0.161 -3.446  14.460
278  0.000  0.593 -0.006  0.095 -3.390  14.418
279  0.000  0.594 -0.006  0.072 -3.328  15.618
280  0.027  0.542 -0.005  0.070 -3.259  18.422
281  0.064  0.467 -0.005  0.070 -3.188  18.343
282  0.104  0.389 -0.005  0.070 -3.116  18.702
283  0.141  0.315 -0.005  0.048 -3.046  17.081
284  0.173  0.251 -0.004  0.139 -2.972  19.616
285  0.201  0.196 -0.004  0.164 -2.900  18.560
286  0.223  0.152 -0.003  0.164 -2.831  17.715
287  0.241  0.117 -0.002  0.225 -2.764  17.483
288  0.255  0.089 -0.001  0.250 -2.697  16.865
289  0.266  0.067 -0.000  0.282 -2.635  15.995
290  0.274  0.050  0.000  0.333 -2.576  15.451
291  0.280  0.038  0.002  0.411 -2.521  14.212
292  0.285  0.028  0.003  0.402 -2.466  13.928
293  0.289  0.021  0.005  0.475 -2.416  13.178
294  0.292  0.015  0.007  0.515 -2.369  12.048
295  0.294  0.011  0.009  0.517 -2.325  11.417
296  0.295  0.008  0.011  0.551 -2.285  9.971
297  0.296  0.006  0.013  0.611 -2.248  10.233
298  0.297  0.004  0.016  0.610 -2.214  9.085
299  0.298  0.003  0.018  0.615 -2.182  8.112
300  0.244  0.029  0.020  0.637 -2.153  7.617
301  0.169  0.066  0.023  0.651 -2.125  7.368
302  0.090  0.105  0.026  0.675 -2.100  6.419
303  0.016  0.142  0.028  0.669 -2.079  6.266
304 -0.048  0.174  0.030  0.622 -2.055  6.230
305 -0.102  0.201  0.033  0.594 -2.031  6.394
306 -0.147  0.223  0.035  0.547 -2.006  6.783
307 -0.182  0.241  0.037  0.498 -1.979  7.387
308 -0.210  0.255  0.038  0.441 -1.952  7.196
309 -0.232  0.266  0.040  0.374 -1.923  6.950
310 -0.249  0.274  0.041  0.311 -1.894  7.777
311 -0.261  0.280  0.042  0.249 -1.863  7.446
312 -0.271  0.285  0.043  0.166 -1.828  9.055
313 -0.278  0.289  0.044  0.138 -1.793  8.804
314 -0.284  0.292  0.044  0.100 -1.756  9.777
315 -0.288  0.294  0.044  0.029 -1.717  10.116
316 -0.291  0.295  0.044 -0.025 -1.675  10.845
317 -0.293  0.296  0.044 -0.070 -1.631  11.272
318 -0.295  0.297  0.043 -0.131 -1.586  11.932
319 -0.296  0.298  0.043 -0.141 -1.538  12.480
320 -0.284  0.217  0.042 -0.205 -1.488  12.591
321 -0.265  0.104  0.041 -0.237 -1.437  13.165
322 -0.246 -0.014  0.040 -0.288 -1.390  12.012
323 -0.228 -0.125  0.039 -0.324 -1.348  10.208
324 -0.212 -0.222  0.037 -0.380 -1.313  8.105
325 -0.198 -0.303  0.036 -0.493 -1.294  4.433
326 -0.187 -0.370  0.033 -0.562 -1.286  1.441
327 -0.179 -0.423  0.031 -0.599 -1.289 -1.799
328 -0.172 -0.465  0.028 -0.762 -1.312 -6.927
329 -0.166 -0.498  0.025 -0.716 -1.342 -7.563
330 -0.162 -0.523  0.023 -0.618 -1.369 -7.098
331 -0.159 -0.542  0.020 -0.679 -1.408 -10.925
332 -0.157 -0.557  0.017 -0.683 -1.458 -12.807
333 -0.155 -0.568  0.015 -0.569 -1.500 -11.097
334 -0.153 -0.576  0.013 -0.619 -1.556 -15.360
335 -0.152 -0.582  0.011 -0.551 -1.614 -14.141
336 -0.152 -0.587  0.009 -0.396 -1.660 -11.667
337 -0.151 -0.590  0.007 -0.543 -1.724 -17.693
338 -0.151 -0.593  0.005 -0.523 -1.797 -17.836
339 -0.150 -0.594  0.004 -0.347 -1.856 -14.937
340 -0.164 -0.569  0.002 -0.321 -1.918 -16.317
341 -0.182 -0.532  0.001 -0.262 -1.979 -15.470
342 -0.202 -0.493  0.000 -0.276 -2.043 -16.683
343 -0.221 -0.457 -0.000 -0.384 -2.119 -20.090
344 -0.237 -0.425 -0.001 -0.282 -2.192 -17.963
345 -0.250 -0.398 -0.002 -0.251 -2.259 -17.517
346 -0.261 -0.376 -0.004 -0.403 -2.340 -21.965
347 -0.270 -0.358 -0.005 -0.301 -2.419 -18.800
348 -0.277 -0.344 -0.006 -0.326 -2.493 -19.167
349 -0.283 -0.333 -0.008 -0.430 -2.579 -22.773
350 -0.287 -0.325 -0.009 -0.303 -2.654 -18.764
351 -0.290 -0.318 -0.011 -0.427 -2.734 -20.419
352 -0.292 -0.314 -0.012 -0.406 -2.814 -20.247
353 -0.294 -0.310 -0.014 -0.358 -2.888 -18.754
354 -0.296 -0.307 -0.015 -0.482 -2.969 -21.424
355 -0.297 -0.305 -0.017 -0.421 -3.049 -20.007
356 -0.297 -0.304 -0.019 -0.434 -3.125 -19.897
357 -0.298 -0.303 -0.020 -0.426 -3.200 -19.358
358 -0.298 -0.302 -0.022 -0.397 -3.274 -19.353
359 -0.299 -0.301 -0.023 -0.510 -3.352 -20.562
360 -0.245 -0.247 -0.025 -0.488 -3.433 -21.489
361 -0.169 -0.171 -0.027 -0.393 -3.509 -18.718
362 -0.090 -0.091 -0.028 -0.356 -3.577 -17.706
363 -0.016 -0.017 -0.030 -0.322 -3.642 -16.870
364  0.048  0.047 -0.031 -0.291 -3.706 -16.295
365  0.102  0.102 -0.032 -0.290 -3.767 -15.945
366  0.146  0.146 -0.033 -0.264 -3.818 -14.753
367  0.182  0.182 -0.033 -0.189 -3.869 -13.084
368  0.210  0.210 -0.034 -0.171 -3.918 -12.129
369  0.232  0.232 -0.035 -0.120 -3.960 -10.442
370  0.249  0.248 -0.035 -0.034 -3.995 -8.260
371  0.261  0.261 -0.035 -0.000 -4.024 -6.936
372  0.271  0.271 -0.035  0.035 -4.049 -5.907
373  0.278  0.278 -0.034  0.090 -4.068 -4.179
374  0.284  0.284 -0.034  0.138 -4.078 -2.373
375  0.288  0.288 -0.033  0.152 -4.085 -1.520
376  0.291  0.291 -0.033  0.175 -4.086 -0.169
377  0.293  0.293 -0.032  0.240 -4.081  1.647
378  0.295  0.295 -0.031  0.279 -4.070  3.303
379  0.296  0.296 -0.029  0.332 -4.053  4.680
380  0.297  0.243 -0.028  0.332 -4.035  5.113
381  0.298  0.168 -0.027  0.368 -4.014  5.394
382  0.298  0.089 -0.025  0.431 -3.988  6.659
383  0.299  0.015 -0.023  0.412 -3.965  5.631
384  0.299 -0.048 -0.022  0.456 -3.943  5.792
385  0.299 -0.102 -0.020  0.471 -3.922  5.686
386  0.299 -0.147 -0.018  0.490 -3.904  4.441
387  0.299 -0.182 -0.016  0.540 -3.889  3.994
388  0.299 -0.210 -0.014  0.551 -3.879  2.470
389  0.299 -0.232 -0.011  0.595 -3.873  1.368
390  0.299 -0.249 -0.009  0.613 -3.870  0.474
391  0.299 -0.261 -0.007  0.635 -3.873 -0.548
392  0.299 -0.271 -0.004  0.655 -3.881 -1.677
393  0.299 -0.278 -0.002  0.661 -3.890 -2.796
394  0.299 -0.284  0.000  0.669 -3.905 -4.186
395  0.299 -0.288  0.003  0.691 -3.924 -5.421
396  0.299 -0.291  0.005  0.715 -3.944 -5.906
397  0.299 -0.293  0.008  0.733 -3.968 -6.691
398  0.299 -0.295  0.011  0.738 -3.994 -7.163
399  0.299 -0.296  0.014  0.784 -4.022 -7.614
400  0.245 -0.216  0.017  0.776 -4.050 -7.308
401  0.170 -0.103  0.020  0.779 -4.080 -8.393
402  0.091  0.014  0.023  0.754 -4.110 -7.765
403  0.016  0.125  0.026  0.755 -4.138 -7.164
404 -0.047  0.222  0.029  0.754 -4.161 -5.748
405 -0.102  0.304  0.032  0.681 -4.179 -4.176
406 -0.146  0.370  0.034  0.661 -4.191 -2.646
407 -0.182  0.423  0.037  0.563 -4.194 -0.456
408 -0.210  0.465  0.039  0.500 -4.191  0.580
409 -0.232  0.498  0.040  0.432 -4.184  2.709
410 -0.248  0.523  0.042  0.298 -4.158  7.545
411 -0.261  0.542  0.043  0.239 -4.122  9.119
412 -0.271  0.557  0.043  0.213 -4.088  8.486
413 -0.278  0.568  0.044  0.150 -4.044  11.665
414 -0.284  0.576  0.044  0.045 -3.988  14.009
415 -0.288  0.582  0.044 -0.053 -3.928  14.807
416 -0.291  0.587  0.044 -0.159 -3.857  18.812
417 -0.293  0.590  0.043 -0.209 -3.780  19.461
418 -0.295  0.593  0.042 -0.122 -3.712  17.651
419 -0.296  0.594  0.042 -0.158 -3.638  19.324
420 -0.284  0.488  0.041 -0.171 -3.559  20.631
421 -0.265  0.338  0.040 -0.258 -3.476  22.111
422 -0.246  0.180  0.039 -0.149 -3.401  18.751
423 -0.228  0.032  0.039 -0.165 -3.331  18.374
424 -0.212 -0.096  0.038 -0.180 -3.268  15.796
425 -0.198 -0.205  0.037 -0.178 -3.209  14.560
426 -0.187 -0.294  0.036 -0.291 -3.164  10.456
427 -0.179 -0.365  0.035 -0.366 -3.133  7.280
428 -0.172 -0.421  0.033 -0.430 -3.115  4.096
429 -0.166 -0.464  0.032 -0.452 -3.109  1.471
430 -0.162 -0.498  0.030 -0.548 -3.113 -1.802
431 -0.159 -0.523  0.028 -0.547 -3.124 -3.153
432 -0.157 -0.543  0.025 -0.563 -3.145 -5.959
433 -0.155 -0.557  0.023 -0.620 -3.176 -8.669
434 -0.153 -0.568  0.020 -0.691 -3.222 -12.687
435 -0.152 -0.576  0.018 -0.515 -3.263 -9.497
436 -0.152 -0.582  0.016 -0.601 -3.313 -14.317
437 -0.151 -0.587  0.013 -0.677 -3.381 -18.263
438 -0.151 -0.590  0.012 -0.463 -3.437 -13.470
439 -0.150 -0.593  0.010 -0.536 -3.502 -17.726
440 -0.150 -0.487  0.007 -0.611 -3.584 -20.616
441 -0.150 -0.337  0.006 -0.382 -3.650 -16.010
442 -0.150 -0.179  0.004 -0.433 -3.717 -17.416
443 -0.150 -0.031  0.003 -0.357 -3.781 -15.403
444 -0.150  0.097  0.002 -0.172 -3.825 -9.948
445 -0.150  0.205  0.001 -0.180 -3.857 -8.136
446 -0.150  0.294  0.001 -0.175 -3.884 -6.992
447 -0.150  0.365  0.000 -0.211 -3.909 -6.083
448 -0.150  0.421 -0.000 -0.218 -3.923 -3.198
449 -0.150  0.464 -0.001 -0.189 -3.929 -1.244
450 -0.150  0.498 -0.002 -0.220 -3.930 -0.015
451 -0.150  0.523 -0.003 -0.227 -3.920  3.118
452 -0.150  0.543 -0.003 -0.204 -3.901  5.226
453 -0.150  0.557 -0.004 -0.215 -3.875  6.814
454 -0.150  0.568 -0.005 -0.216 -3.840  9.622
455 -0.150  0.576 -0.006 -0.218 -3.798  11.107
456 -0.150  0.582 -0.007 -0.225 -3.750  12.232
457 -0.150  0.587 -0.008 -0.217 -3.695  14.574
458 -0.150  0.590 -0.008 -0.174 -3.630  16.829
459 -0.150  0.593 -0.009 -0.147 -3.557  19.169
460 -0.123  0.487 -0.009 -0.116 -3.474  21.518
461 -0.085  0.337 -0.010 -0.177 -3.392  20.397
462 -0.045  0.179 -0.011 -0.325 -3.322  17.384
463 -0.008  0.031 -0.012 -0.290 -3.254  17.402
464  0.023 -0.097 -0.013 -0.260 -3.190  16.375
465  0.051 -0.205 -0.014 -0.224 -3.132  14.889
466  0.073 -0.294 -0.015 -0.220 -3.080  12.732
467  0.091 -0.365 -0.016 -0.205 -3.036  10.824
468  0.105 -0.421 -0.017 -0.192 -3.001  8.345
469  0.116 -0.464 -0.017 -0.189 -2.978  5.183
470  0.124 -0.498 -0.018 -0.189 -2.967  2.249
471  0.130 -0.523 -0.019 -0.143 -2.963  0.586
472  0.135 -0.543 -0.019 -0.129 -2.971 -2.434
473  0.139 -0.557 -0.020 -0.144 -2.991 -5.205
474  0.142 -0.568 -0.020 -0.119 -3.020 -8.153
475  0.144 -0.576 -0.021 -0.081 -3.061 -10.931
476  0.145 -0.582 -0.021 -0.046 -3.105 -11.165
477  0.146 -0.587 -0.021  0.041 -3.149 -11.361
478  0.147 -0.590 -0.020  0.069 -3.199 -13.253
479  0.148 -0.593 -0.020  0.049 -3.257 -15.574
480  0.148 -0.595 -0.020  0.042 -3.322 -17.055
481  0.149 -0.596 -0.020  0.000 -3.400 -20.246
482  0.149 -0.597 -0.020  0.068 -3.482 -19.766
483  0.149 -0.598 -0.019  0.211 -3.560 -19.601
484  0.149 -0.598 -0.018  0.214 -3.639 -20.455
485  0.149 -0.599 -0.018  0.205 -3.724 -21.867
486  0.149 -0.599 -0.016  0.302 -3.807 -21.600
487  0.149 -0.599 -0.015  0.284 -3.894 -22.966
488  0.149 -0.599 -0.014  0.291 -3.987 -23.924
489  0.149 -0.599 -0.013  0.229 -4.089 -26.502
490  0.149 -0.599 -0.012  0.337 -4.185 -24.175
491  0.149 -0.599 -0.011  0.296 -4.269 -24.728
492  0.149 -0.599 -0.010  0.325 -4.372 -26.825
493  0.149 -0.599 -0.009  0.270 -4.476 -27.700
494  0.149 -0.599 -0.007  0.377 -4.579 -26.145
495  0.149 -0.599 -0.006  0.341 -4.680 -26.198
496  0.149 -0.599 -0.005  0.330 -4.788 -27.292
497  0.149 -0.599 -0.004  0.196 -4.906 -31.447
498  0.149 -0.599 -0.003  0.336 -5.019 -26.751
499  0.149 -0.599 -0.002  0.352 -5.121 -26.175
500  0.136 -0.572 -0.001  0.173 -5.241 -31.843
501  0.117 -0.535 -0.000  0.183 -5.366 -31.307
502  0.097 -0.495  0.000  0.393 -5.474 -27.531
503  0.079 -0.458  0.002  0.367 -5.583 -27.668
504  0.063 -0.426  0.003  0.277 -5.699 -30.510
505  0.049 -0.398  0.004  0.371 -5.810 -27.621
506  0.038 -0.376  0.005  0.327 -5.917 -27.691
507  0.029 -0.358  0.007  0.311 -6.027 -28.635
508  0.022 -0.344  0.008  0.337 -6.130 -26.444
509  0.016 -0.333  0.009  0.344 -6.228 -25.859
510  0.012 -0.325  0.010  0.289 -6.330 -27.185
511  0.009 -0.319  0.012  0.377 -6.428 -24.330
512  0.007 -0.314  0.013  0.348 -6.521 -24.191
513  0.005 -0.310  0.014  0.268 -6.620 -25.527
514  0.003 -0.307  0.015  0.298 -6.720 -25.133
515  0.002 -0.305  0.017  0.369 -6.809 -22.592
516  0.002 -0.304  0.018  0.339 -6.896 -22.517
517  0.001 -0.303  0.019  0.352 -6.981 -21.776
518  0.001 -0.302  0.021  0.347 -7.064 -21.044
519  0.000 -0.301  0.022  0.331 -7.147 -21.341
520  0.000 -0.220  0.023  0.330 -7.229 -20.930
521  0.000 -0.106  0.024  0.343 -7.307 -19.406
522  0.000  0.012  0.026  0.355 -7.380 -18.638
523  0.000  0.124  0.027  0.374 -7.446 -16.304
524  0.000  0.221  0.029  0.377 -7.505 -15.154
525  0.000  0.303  0.030  0.378 -7.557 -12.416
526  0.000  0.370  0.031  0.348 -7.597 -10.627
527  0.000  0.423  0.033  0.310 -7.633 -9.349
528  0.000  0.465  0.034  0.266 -7.660 -6.301
529  0.000  0.498  0.035  0.325 -7.673 -2.817
530  0.000  0.523  0.036  0.298 -7.676 -0.234
531  0.000  0.542  0.037  0.305 -7.670  2.439
532  0.000  0.557  0.039  0.386 -7.645  7.126
533  0.000  0.568  0.040  0.467 -7.607  10.316
534  0.000  0.576  0.042  0.436 -7.562  11.425
535  0.000  0.582  0.043  0.337 -7.522  10.326
536  0.000  0.587  0.044  0.219 -7.483  9.704
537  0.000  0.590  0.045  0.226 -7.437  12.135
538  0.000  0.593  0.046  0.258 -7.380  15.158
539  0.000  0.594  0.047  0.216 -7.323  14.972
540 -0.026  0.596  0.048  0.254 -7.257  17.465
541 -0.064  0.597  0.049  0.296 -7.180  19.576
542 -0.104  0.598  0.050  0.117 -7.113  17.105
543 -0.141  0.598  0.050  0.097 -7.041  18.660
544 -0.173  0.598  0.051  0.160 -6.962  20.403
545 -0.201  0.599  0.051  0.082 -6.878  21.623
546 -0.223  0.599  0.051  0.001 -6.794  20.638
547 -0.241  0.599  0.051 -0.009 -6.710  21.610
548 -0.255  0.599  0.051 -0.069 -6.615  24.514
549 -0.266  0.599  0.051 -0.026 -6.520  23.945
550 -0.274  0.599  0.051 -0.072 -6.425  23.824
551 -0.280  0.599  0.050 -0.098 -6.320  27.585
552 -0.285  0.599  0.050 -0.115 -6.214  27.953
553 -0.289  0.599  0.049 -0.104 -6.111  27.334
554 -0.292  0.599  0.049 -0.137 -6.014  29.178
555 -0.294  0.599  0.048 -0.100 -5.902  29.124
556 -0.295  0.599  0.048 -0.078 -5.794  26.784
557 -0.296  0.599  0.048 -0.099 -5.679  29.898
558 -0.297  0.599  0.047 -0.130 -5.561  29.660
559 -0.298  0.599  0.047 -0.117 -5.451  28.668
560 -0.258  0.518  0.046 -0.121 -5.339  27.310
561 -0.201  0.405  0.046 -0.078 -5.228  28.185
562 -0.142  0.286  0.046 -0.047 -5.119  28.455
563 -0.087  0.175  0.045 -0.068 -5.012  27.559
564 -0.038  0.078  0.045 -0.026 -4.907  27.169
565  0.002 -0.003  0.045 -0.046 -4.808  24.777
566  0.035 -0.070  0.045  0.032 -4.712  25.409
567  0.061 -0.123  0.045  0.046 -4.618  23.312
568  0.082 -0.165  0.046  0.068 -4.534  22.292
569  0.099 -0.198  0.046  0.094 -4.456  20.110
570  0.111 -0.223  0.046  0.114 -4.384  18.462
571  0.121 -0.242  0.047  0.171 -4.317  16.434
572  0.128 -0.257  0.048  0.192 -4.263  13.054
573  0.134 -0.268  0.049  0.217 -4.211  13.510
574  0.138 -0.276  0.050  0.298 -4.163  12.123
575  0.141 -0.282  0.051  0.264 -4.124  9.183
576  0.143 -0.287  0.052  0.282 -4.095  7.327
577  0.145 -0.290  0.053  0.341 -4.068  6.840
578  0.146 -0.293  0.054  0.348 -4.048  4.524
579  0.147 -0.294  0.056  0.346 -4.036  3.019
580  0.161 -0.296  0.057  0.377 -4.027  2.299
581  0.181 -0.297  0.059  0.396 -4.025  0.222
582  0.201 -0.298  0.060  0.410 -4.028 -1.041
583  0.220 -0.298  0.062  0.424 -4.036 -2.175
584  0.236 -0.298  0.064  0.448 -4.047 -2.794
585  0.250 -0.299  0.066  0.457 -4.062 -4.165
586  0.261 -0.299  0.067  0.482 -4.081 -4.968
587  0.270 -0.299  0.069  0.498 -4.104 -6.209
588  0.277 -0.299  0.071  0.525 -4.130 -7.153
589  0.282 -0.299  0.073  0.538 -4.157 -7.614
590  0.287 -0.299  0.076  0.544 -4.188 -8.399
591  0.290 -0.299  0.078  0.583 -4.222 -8.655
592  0.292 -0.299  0.080  0.618 -4.256 -9.183
593  0.294 -0.299  0.082  0.611 -4.291 -9.128
594  0.296 -0.299  0.085  0.632 -4.329 -10.165
595  0.297 -0.299  0.087  0.637 -4.369 -10.749
596  0.297 -0.299  0.090  0.682 -4.409 -10.611
597  0.298 -0.299  0.093  0.683 -4.450 -10.811
598  0.298 -0.299  0.095  0.699 -4.492 -10.595
599  0.299 -0.299  0.098  0.708 -4.534 -11.156
600  0.299 -0.326  0.101  0.708 -4.579 -11.454
601  0.299 -0.364  0.103  0.731 -4.621 -11.200
602  0.299 -0.404  0.106  0.733 -4.666 -11.869
603  0.299 -0.441  0.109  0.711 -4.713 -12.440
604  0.299 -0.473  0.112  0.672 -4.765 -14.049
605  0.299 -0.501  0.114  0.681 -4.823 -15.222
606  0.299 -0.523  0.117  0.685 -4.882 -15.373
607  0.299 -0.541  0.120  0.694 -4.947 -16.804
608  0.299 -0.555  0.122  0.721 -5.009 -16.513
609  0.299 -0.566  0.125  0.667 -5.081 -18.978
610  0.299 -0.574  0.127  0.632 -5.162 -20.858
611  0.299 -0.580  0.130  0.660 -5.240 -20.499
612  0.299 -0.585  0.132  0.704 -5.316 -19.504
613  0.299 -0.589  0.135  0.663 -5.393 -20.332
614  0.299 -0.592  0.138  0.705 -5.473 -21.063
615  0.299 -0.594  0.140  0.654 -5.556 -21.839
616  0.299 -0.595  0.143  0.698 -5.636 -19.873
617  0.299 -0.596  0.145  0.667 -5.706 -20.867
618  0.299 -0.597  0.147  0.609 -5.798 -24.356
619  0.299 -0.598  0.150  0.587 -5.890 -22.795
620  0.286 -0.598  0.152  0.681 -5.970 -21.103
621  0.267 -0.599  0.155  0.653 -6.055 -22.239
622  0.247 -0.599  0.157  0.588 -6.144 -23.100
623  0.229 -0.599  0.159  0.634 -6.236 -23.340
624  0.213 -0.599  0.162  0.637 -6.324 -22.631
625  0.199 -0.599  0.164  0.624 -6.413 -23.417
626  0.188 -0.599  0.166  0.547 -6.511 -25.924
627  0.179 -0.599  0.169  0.609 -6.609 -25.204
628  0.172 -0.599  0.171  0.481 -6.710 -26.519
629  0.166 -0.599  0.173  0.534 -6.810 -25.793
630  0.162 -0.599  0.175  0.520 -6.911 -26.578
631  0.159 -0.599  0.177  0.545 -7.022 -28.476
632  0.157 -0.599  0.178  0.399 -7.127 -25.998
633  0.155 -0.599  0.180  0.388 -7.230 -26.798
634  0.153 -0.599  0.181  0.247 -7.351 -32.059
635  0.152 -0.599  0.182  0.369 -7.467 -27.504
636  0.152 -0.599  0.183  0.390 -7.568 -25.552
637  0.151 -0.599  0.185  0.337 -7.680 -28.653
638  0.151 -0.599  0.186  0.180 -7.804 -32.557
639  0.150 -0.599  0.187  0.361 -7.920 -29.207
640  0.150 -0.572  0.188  0.358 -8.030 -28.621
641  0.150 -0.535  0.189  0.354 -8.146 -30.612
642  0.150 -0.495  0.191  0.330 -8.265 -30.200
643  0.150 -0.458  0.192  0.466 -8.372 -27.827
644  0.150 -0.426  0.194  0.373 -8.480 -28.478
645  0.150 -0.398  0.195  0.400 -8.590 -27.640
646  0.150 -0.376  0.197  0.423 -8.692 -26.771
647  0.150 -0.358  0.199  0.445 -8.793 -26.465
648  0.150 -0.344  0.201  0.498 -8.889 -24.144
649  0.150 -0.333  0.202  0.483 -8.977 -22.703
650  0.150 -0.325  0.204  0.451 -9.071 -24.404
651  0.150 -0.319  0.206  0.448 -9.163 -23.044
652  0.150 -0.314  0.208  0.538 -9.246 -20.946
653  0.150 -0.310  0.210  0.538 -9.326 -20.769
654  0.150 -0.307  0.212  0.520 -9.407 -20.410
655  0.150 -0.305  0.214  0.541 -9.486 -19.916
656  0.150 -0.304  0.216  0.590 -9.560 -19.384
657  0.150 -0.303  0.218  0.582 -9.635 -19.368
658  0.150 -0.302  0.220  0.544 -9.711 -19.903
659  0.150 -0.301  0.222  0.521 -9.787 -20.404
660  0.109 -0.274  0.225  0.572 -9.863 -19.647
661  0.052 -0.236  0.227  0.584 -9.936 -18.801
662 -0.006 -0.196  0.229  0.544 -10.005 -17.739
663 -0.062 -0.158  0.231  0.491 -10.073 -17.648
664 -0.110 -0.126  0.233  0.463 -10.142 -17.319
665 -0.151 -0.099  0.234  0.406 -10.210 -17.695
666 -0.185 -0.076  0.236  0.423 -10.273 -15.589
667 -0.211 -0.058  0.237  0.373 -10.333 -15.069
668 -0.232 -0.044  0.239  0.324 -10.389 -14.505
669 -0.249 -0.033  0.240  0.264 -10.445 -13.839
670 -0.261 -0.025  0.241  0.211 -10.496 -12.986
671 -0.271 -0.019  0.241  0.122 -10.550 -13.374
672 -0.278 -0.014  0.242  0.170 -10.595 -11.093
673 -0.284 -0.010  0.242  0.109 -10.635 -10.261
674 -0.288 -0.007  0.243  0.071 -10.671 -8.852
675 -0.291 -0.005  0.243  0.052 -10.702 -7.485
676 -0.293 -0.004  0.243  0.002 -10.731 -7.319
677 -0.295 -0.003  0.243 -0.066 -10.759 -7.365
678 -0.296 -0.002  0.242 -0.091 -10.783 -5.601
679 -0.297 -0.001  0.242 -0.131 -10.802 -5.409
680 -0.271 -0.028  0.241 -0.164 -10.822 -4.782
681 -0.233 -0.065  0.240 -0.206 -10.840 -4.338
682 -0.194 -0.105  0.240 -0.238 -10.858 -4.664
683 -0.157 -0.142  0.238 -0.271 -10.877 -4.554
684 -0.125 -0.174  0.237 -0.278 -10.894 -4.223
685 -0.098 -0.201  0.236 -0.326 -10.914 -5.592
686 -0.076 -0.223  0.235 -0.353 -10.939 -6.324
687 -0.058 -0.241  0.234 -0.324 -10.962 -5.822
688 -0.044 -0.255  0.232 -0.304 -10.984 -6.011
689 -0.033 -0.266  0.231 -0.288 -11.009 -6.610
690 -0.025 -0.274  0.230 -0.262 -11.035 -6.743
691 -0.019 -0.280  0.229 -0.238 -11.061 -6.860
692 -0.014 -0.285  0.228 -0.257 -11.092 -8.106
693 -0.010 -0.289  0.227 -0.236 -11.125 -8.676
694 -0.007 -0.292  0.227 -0.208 -11.158 -8.376
695 -0.005 -0.294  0.226 -0.228 -11.196 -10.344
696 -0.004 -0.295  0.225 -0.206 -11.237 -10.318
697 -0.003 -0.296  0.224 -0.186 -11.279 -10.582
698 -0.002 -0.297  0.224 -0.193 -11.324 -11.612
699 -0.001 -0.298  0.223 -0.144 -11.369 -11.427
700 -0.014 -0.298  0.222 -0.121 -11.415 -11.855
701 -0.033 -0.299  0.222 -0.158 -11.466 -13.030
702 -0.052 -0.299  0.221 -0.163 -11.520 -14.368
703 -0.071 -0.299  0.221 -0.165 -11.577 -14.974
704 -0.087 -0.299  0.220 -0.101 -11.633 -14.585
705 -0.100 -0.299  0.220 -0.139 -11.691 -15.587
706 -0.111 -0.299  0.219 -0.147 -11.752 -15.246
707 -0.120 -0.299  0.219 -0.095 -11.808 -14.307
708 -0.127 -0.299  0.218 -0.113 -11.866 -14.418
709 -0.133 -0.299  0.218 -0.117 -11.925 -15.357
710 -0.137 -0.299  0.217 -0.142 -11.987 -16.270
711 -0.140 -0.299  0.217 -0.145 -12.051 -16.404
712 -0.142 -0.299  0.216 -0.156 -12.115 -16.254
713 -0.144 -0.299  0.216 -0.130 -12.177 -15.547
714 -0.146 -0.299  0.215 -0.165 -12.241 -17.314
715 -0.147 -0.299  0.215 -0.156 -12.308 -17.065
716 -0.147 -0.299  0.214 -0.136 -12.372 -16.872
717 -0.148 -0.299  0.213 -0.158 -12.439 -17.780
718 -0.148 -0.299  0.213 -0.231 -12.511 -19.245
719 -0.149 -0.299  0.212 -0.147 -12.578 -17.190
720 -0.135 -0.326  0.211 -0.194 -12.648 -17.979
721 -0.117 -0.364  0.210 -0.290 -12.725 -19.830
722 -0.097 -0.404  0.209 -0.190 -12.798 -18.031
723 -0.078 -0.441  0.209 -0.163 -12.869 -18.133
724 -0.062 -0.473  0.208 -0.271 -12.947 -20.616
725 -0.049 -0.501  0.207 -0.255 -13.035 -22.269
726 -0.038 -0.523  0.206 -0.147 -13.117 -20.361
727 -0.029 -0.541  0.205 -0.182 -13.209 -24.320
728 -0.022 -0.555  0.205 -0.100 -13.299 -22.727
729 -0.016 -0.566  0.205 -0.060 -13.386 -23.150
730 -0.012 -0.574  0.204 -0.116 -13.485 -26.557
731 -0.009 -0.580  0.204 -0.119 -13.590 -26.712
732 -0.007 -0.585  0.204 -0.018 -13.688 -25.677
733 -0.005 -0.589  0.204 -0.030 -13.791 -27.620
734 -0.003 -0.592  0.204  0.067 -13.892 -25.478
735 -0.002 -0.594  0.204  0.036 -13.995 -26.762
736 -0.002 -0.595  0.204 -0.012 -14.105 -28.961
737 -0.001 -0.596  0.204  0.073 -14.212 -27.115
738 -0.001 -0.597  0.205  0.004 -14.320 -29.129
739 -0.000 -0.598  0.204  0.006 -14.443 -31.854
740 -0.000 -0.598  0.205  0.157 -14.553 -27.917
741 -0.000 -0.599  0.206  0.125 -14.667 -30.027
742 -0.000 -0.599  0.206  0.103 -14.772 -30.301
743 -0.000 -0.599  0.206  0.066 -14.898 -32.645
744 -0.000 -0.599  0.206  0.069 -15.024 -33.028
745 -0.000 -0.599  0.207  0.192 -15.143 -30.417
746 -0.000 -0.599  0.208  0.126 -15.263 -31.453
747 -0.000 -0.599  0.208  0.062 -15.394 -34.447
748 -0.000 -0.599  0.209  0.159 -15.519 -32.164
749 -0.000 -0.599  0.209  0.149 -15.644 -33.447
750 -0.000 -0.599  0.210  0.201 -15.766 -30.825
751 -0.000 -0.599  0.210  0.148 -15.892 -32.615
752 -0.000 -0.599  0.211  0.066 -16.026 -34.874
753 -0.000 -0.599  0.211  0.057 -16.162 -33.937
754 -0.000 -0.599  0.212  0.270 -16.280 -28.919
755 -0.000 -0.599  0.213  0.183 -16.399 -30.457
756 -0.000 -0.599  0.213  0.174 -16.527 -32.978
757 -0.000 -0.599  0.214  0.177 -16.655 -32.583
758 -0.000 -0.599  0.215  0.302 -16.772 -28.920
759 -0.000 -0.599  0.216  0.226 -16.892 -30.039
760 -0.013 -0.572  0.217  0.115 -17.028 -36.192
761 -0.032 -0.535  0.218  0.263 -17.152 -31.312
762 -0.052 -0.495  0.218  0.229 -17.271 -31.413
763 -0.070 -0.458  0.219  0.166 -17.396 -32.722
764 -0.086 -0.426  0.220  0.160 -17.516 -31.837
765 -0.100 -0.398  0.220  0.095 -17.644 -33.156
766 -0.111 -0.376  0.221  0.230 -17.760 -28.343
767 -0.120 -0.358  0.222  0.199 -17.868 -28.059
768 -0.127 -0.344  0.222  0.027 -17.990 -31.492
769 -0.133 -0.333  0.222  0.033 -18.115 -30.385
770 -0.137 -0.325  0.223  0.226 -18.218 -26.352
771 -0.140 -0.319  0.223  0.086 -18.326 -28.523
772 -0.142 -0.314  0.223  0.007 -18.440 -28.216
773 -0.144 -0.310  0.224  0.154 -18.543 -26.245
774 -0.146 -0.307  0.224  0.061 -18.648 -27.928
775 -0.147 -0.305  0.224  0.031 -18.759 -27.716
776 -0.147 -0.304  0.225  0.195 -18.849 -23.123
777 -0.148 -0.303  0.225  0.080 -18.942 -24.797
778 -0.148 -0.302  0.226  0.026 -19.043 -26.839
779 -0.149 -0.301  0.226  0.176 -19.129 -21.129
780 -0.108 -0.301  0.227  0.056 -19.217 -23.731
781 -0.052 -0.300  0.227 -0.003 -19.314 -24.123
782  0.007 -0.300  0.227  0.143 -19.395 -19.837
783  0.062 -0.300  0.228  0.119 -19.474 -19.886
784  0.111 -0.300  0.228  0.104 -19.558 -21.817
785  0.151 -0.300  0.229  0.181 -19.638 -20.001
786  0.185 -0.300  0.230  0.230 -19.715 -20.121
787  0.211 -0.300  0.230  0.276 -19.791 -19.471
788  0.232 -0.300  0.232  0.305 -19.866 -18.877
789  0.249 -0.300  0.233  0.330 -19.940 -19.257
790  0.261 -0.300  0.234  0.375 -20.013 -19.666
791  0.271 -0.300  0.236  0.378 -20.087 -19.374
792  0.278 -0.300  0.237  0.423 -20.160 -18.868
793  0.284 -0.300  0.239  0.443 -20.231 -18.299
794  0.288 -0.300  0.241  0.471 -20.300 -18.216
795  0.291 -0.300  0.243  0.516 -20.369 -18.176
796  0.293 -0.300  0.245  0.531 -20.438 -18.214
797  0.295 -0.300  0.247  0.565 -20.508 -18.215
798  0.296 -0.300  0.249  0.585 -20.577 -17.644
799  0.297 -0.300  0.251  0.588 -20.647 -17.925
800  0.244 -0.300  0.254  0.633 -20.715 -17.652
801  0.169 -0.300  0.256  0.640 -20.781 -17.022
802  0.090 -0.300  0.259  0.637 -20.848 -17.394
803  0.016 -0.300  0.261  0.600 -20.914 -17.084
804 -0.048 -0.300  0.263  0.527 -20.973 -17.608
805 -0.102 -0.300  0.264  0.479 -21.042 -17.854
806 -0.147 -0.300  0.266  0.309 -21.122 -20.801
807 -0.182 -0.300  0.267  0.327 -21.201 -19.593
808 -0.210 -0.300  0.268  0.224 -21.280 -20.792
809 -0.232 -0.300  0.268  0.064 -21.367 -23.542
810 -0.249 -0.300  0.268 -0.104 -21.467 -27.091
811 -0.261 -0.300  0.268 -0.095 -21.565 -25.589
812 -0.271 -0.300  0.267 -0.224 -21.667 -26.692
813 -0.278 -0.300  0.266 -0.195 -21.764 -24.468
814 -0.284 -0.300  0.266 -0.122 -21.850 -21.209
815 -0.288 -0.300  0.265 -0.254 -21.938 -23.119
816 -0.291 -0.300  0.263 -0.420 -22.039 -26.722
817 -0.293 -0.300  0.262 -0.352 -22.136 -23.688
818 -0.295 -0.300  0.262 -0.038 -22.201 -14.815
819 -0.296 -0.300  0.261 -0.213 -22.272 -18.348
820 -0.257 -0.327  0.260 -0.380 -22.357 -22.617
821 -0.201 -0.364  0.258 -0.274 -22.436 -18.692
822 -0.141 -0.404  0.258 -0.100 -22.494 -14.676
823 -0.086 -0.441  0.258 -0.111 -22.553 -15.247
824 -0.038 -0.473  0.257 -0.153 -22.620 -17.072
825  0.002 -0.501  0.257 -0.037 -22.679 -14.991
826  0.035 -0.523  0.257 -0.038 -22.739 -16.167
827  0.062 -0.541  0.256 -0.091 -22.813 -19.389
828  0.082 -0.555  0.256 -0.070 -22.892 -19.962
829  0.099 -0.566  0.256  0.060 -22.965 -18.375
830  0.111 -0.574  0.256 -0.008 -23.050 -22.319
831  0.121 -0.580  0.256 -0.026 -23.150 -25.773
832  0.128 -0.585  0.256  0.121 -23.238 -21.835
833  0.134 -0.589  0.257  0.141 -23.325 -23.160
834  0.138 -0.592  0.257  0.097 -23.423 -25.122
835  0.141 -0.594  0.258  0.140 -23.527 -26.599
836  0.143 -0.595  0.259  0.179 -23.629 -26.548
837  0.145 -0.596  0.260  0.220 -23.733 -26.658
838  0.146 -0.597  0.260  0.219 -23.837 -27.461
839  0.147 -0.598  0.261  0.211 -23.944 -28.661
840  0.161 -0.598  0.262  0.230 -24.057 -29.887
841  0.181 -0.599  0.263  0.224 -24.171 -29.968
842  0.201 -0.599  0.264  0.231 -24.286 -30.201
843  0.220 -0.599  0.265  0.308 -24.398 -27.425
844  0.236 -0.599  0.266  0.308 -24.513 -29.024
845  0.250 -0.599  0.268  0.431 -24.625 -28.312
846  0.261 -0.599  0.269  0.456 -24.729 -26.583
847  0.270 -0.599  0.271  0.463 -24.837 -28.018
848  0.277 -0.599  0.273  0.472 -24.951 -29.674
849  0.282 -0.599  0.275  0.529 -25.066 -29.169
850  0.287 -0.599  0.277  0.524 -25.174 -27.907
851  0.290 -0.599  0.279  0.498 -25.283 -27.626
852  0.292 -0.599  0.281  0.544 -25.392 -28.440
853  0.294 -0.599  0.283  0.520 -25.505 -28.936
854  0.296 -0.599  0.285  0.580 -25.612 -27.771
855  0.297 -0.599  0.287  0.531 -25.719 -28.778
856  0.297 -0.599  0.289  0.549 -25.834 -29.899
857  0.298 -0.599  0.291  0.519 -25.943 -28.066
858  0.298 -0.599  0.293  0.609 -26.048 -27.335
859  0.299 -0.599  0.295  0.474 -26.159 -29.079
860  0.299 -0.599  0.297  0.550 -26.274 -28.765
861  0.299 -0.599  0.299  0.580 -26.379 -26.929
862  0.299 -0.599  0.301  0.545 -26.493 -29.640
863  0.299 -0.599  0.303  0.468 -26.615 -31.473
864  0.299 -0.599  0.305  0.540 -26.727 -28.195
865  0.299 -0.599  0.307  0.548 -26.835 -27.648
866  0.299 -0.599  0.310  0.578 -26.945 -28.360
867  0.299 -0.599  0.311  0.568 -27.041 -28.792
868  0.299 -0.599  0.313  0.513 -27.154 -28.242
869  0.299 -0.599  0.316  0.593 -27.257 -26.730
870  0.299 -0.599  0.318  0.511 -27.366 -29.044
871  0.299 -0.599  0.319  0.428 -27.486 -31.457
872  0.299 -0.599  0.321  0.526 -27.594 -26.859
873  0.299 -0.599  0.323  0.498 -27.700 -27.996
874  0.299 -0.599  0.325  0.404 -27.816 -30.924
875  0.299 -0.599  0.327  0.513 -27.927 -27.381
876  0.299 -0.599  0.329  0.560 -28.028 -26.306
877  0.299 -0.599  0.331  0.514 -28.138 -28.958
878  0.299 -0.599  0.333  0.429 -28.254 -30.795
879  0.299 -0.599  0.335  0.628 -28.359 -25.774
880  0.259 -0.572  0.337  0.569 -28.459 -26.176
881  0.202 -0.535  0.339  0.545 -28.562 -27.115
882  0.143 -0.495  0.341  0.505 -28.669 -27.585
883  0.087 -0.458  0.343  0.540 -28.765 -24.255
884  0.039 -0.426  0.345  0.457 -28.861 -25.273
885 -0.001 -0.398  0.346  0.337 -28.971 -29.296
886 -0.035 -0.376  0.347  0.308 -29.081 -28.344
887 -0.061 -0.358  0.349  0.351 -29.180 -25.508
888 -0.082 -0.344  0.350  0.334 -29.278 -25.482
889 -0.099 -0.333  0.351  0.229 -29.379 -25.636
890 -0.111 -0.325  0.352  0.345 -29.469 -22.371
891 -0.121 -0.319  0.353  0.245 -29.562 -24.665
892 -0.128 -0.314  0.354  0.306 -29.652 -21.185
893 -0.134 -0.310  0.355  0.268 -29.732 -20.640
894 -0.138 -0.307  0.356  0.130 -29.821 -22.867
895 -0.141 -0.305  0.357  0.163 -29.909 -22.250
896 -0.143 -0.304  0.357  0.165 -29.992 -21.110
897 -0.145 -0.303  0.358  0.082 -30.076 -22.390
898 -0.146 -0.302  0.358  0.086 -30.157 -21.084
899 -0.147 -0.301  0.358 -0.038 -30.244 -23.279
900 -0.121 -0.301  0.358 -0.012 -30.328 -20.382
901 -0.083 -0.300  0.358  0.054 -30.402 -19.575
902 -0.044 -0.300  0.358 -0.025 -30.484 -21.429
903 -0.007 -0.300  0.358 -0.022 -30.568 -21.160
904  0.024 -0.300  0.358  0.148 -30.639 -16.997
905  0.051 -0.300  0.359  0.129 -30.708 -17.498
906  0.073 -0.300  0.359  0.118 -30.781 -18.180
907  0.091 -0.300  0.360  0.162 -30.851 -17.509
908  0.105 -0.300  0.361  0.148 -30.922 -18.219
909  0.116 -0.300  0.361  0.199 -30.996 -18.726
910  0.124 -0.300  0.362  0.252 -31.063 -17.134
911  0.130 -0.300  0.363  0.260 -31.132 -17.582
912  0.135 -0.300  0.364  0.269 -31.202 -18.139
913  0.139 -0.300  0.365  0.321 -31.270 -17.657
914  0.142 -0.300  0.366  0.322 -31.339 -18.001
915  0.144 -0.300  0.368  0.312 -31.410 -18.431
916  0.145 -0.300  0.369  0.349 -31.481 -18.558
917  0.146 -0.300  0.370  0.398 -31.549 -17.350
918  0.147 -0.300  0.372  0.398 -31.618 -17.505
919  0.148 -0.300  0.374  0.408 -31.687 -17.863
920  0.162 -0.219  0.375  0.424 -31.756 -18.208
921  0.181 -0.105  0.377  0.445 -31.824 -17.071
922  0.201  0.013  0.379  0.486 -31.885 -15.615
923  0.220  0.124  0.381  0.518 -31.941 -14.813
924  0.236  0.221  0.383  0.534 -31.991 -12.352
925  0.250  0.303  0.385  0.570 -32.030 -10.327
926  0.261  0.370  0.387  0.626 -32.061 -7.446
927  0.270  0.423  0.390  0.698 -32.080 -4.454
928  0.277  0.465  0.393  0.745 -32.090 -1.757
929  0.282  0.498  0.396  0.771 -32.090 -0.054
930  0.287  0.523  0.398  0.792 -32.083  2.368
931  0.290  0.542  0.402  0.910 -32.059  7.578
932  0.292  0.557  0.405  0.817 -32.031  6.972
933  0.294  0.568  0.408  0.743 -32.006  6.673
934  0.296  0.576  0.411  0.777 -31.972  9.476
935  0.297  0.582  0.415  0.872 -31.925  12.751
936  0.297  0.587  0.418  0.740 -31.882  10.971
937  0.298  0.590  0.421  0.697 -31.832  13.498
938  0.298  0.593  0.423  0.644 -31.786  10.929
939  0.299  0.594  0.426  0.592 -31.743  11.237
940  0.299  0.596  0.428  0.626 -31.690  14.149
941  0.299  0.597  0.430  0.580 -31.638  13.073
942  0.299  0.598  0.432  0.588 -31.582  14.986
943  0.299  0.598  0.435  0.613 -31.514  17.705
944  0.299  0.598  0.437  0.644 -31.450  16.590
945  0.299  0.599  0.440  0.625 -31.381  18.157
946  0.299  0.599  0.442  0.669 -31.310  18.693
947  0.299  0.599  0.445  0.676 -31.234  18.502
948  0.299  0.599  0.447  0.611 -31.161  18.788
949  0.299  0.599  0.449  0.638 -31.086  20.183
950  0.299  0.599  0.452  0.703 -31.000  22.859
951  0.299  0.599  0.455  0.701 -30.914  21.487
952  0.299  0.599  0.457  0.598 -30.838  19.631
953  0.299  0.599  0.459  0.636 -30.754  22.120
954  0.299  0.599  0.462  0.660 -30.665  23.145
955  0.299  0.599  0.464  0.616 -30.585  20.456
956  0.299  0.599  0.467  0.596 -30.503  21.177
957  0.299  0.599  0.469  0.577 -30.418  22.180
958  0.299  0.599  0.471  0.590 -30.334  22.197
959  0.299  0.599  0.473  0.571 -30.248  22.685
960  0.272  0.545  0.475  0.583 -30.157  24.331
961  0.235  0.470  0.478  0.644 -30.066  23.397
962  0.195  0.391  0.480  0.600 -29.979  23.071
963  0.158  0.316  0.482  0.649 -29.891  22.776
964  0.126  0.252  0.485  0.602 -29.806  21.741
965  0.098  0.197  0.487  0.569 -29.726  20.555
966  0.076  0.153  0.489  0.596 -29.649  19.818
967  0.058  0.117  0.491  0.590 -29.576  18.791
968  0.044  0.089  0.494  0.589 -29.505  17.976
969  0.033  0.067  0.496  0.590 -29.437  17.296
970  0.025  0.051  0.498  0.575 -29.376  15.824
971  0.019  0.038  0.500  0.561 -29.319  14.819
972  0.014  0.028  0.502  0.543 -29.264  13.957
973  0.010  0.021  0.504  0.511 -29.215  12.337
974  0.007  0.015  0.506  0.519 -29.167  12.617
975  0.005  0.011  0.508  0.505 -29.121  11.669
976  0.004  0.008  0.510  0.495 -29.081  10.402
977  0.003  0.006  0.512  0.477 -29.042  10.219
978  0.002  0.004  0.514  0.472 -29.003  10.028
979  0.001  0.003  0.515  0.434 -28.969  8.890
980  0.001 -0.024  0.517  0.421 -28.938  7.989
981  0.000 -0.063  0.519  0.424 -28.906  7.931
982  0.000 -0.103  0.520  0.406 -28.879  7.241
983  0.000 -0.140  0.522  0.392 -28.853  6.321
984  0.000 -0.173  0.523  0.368 -28.832  5.487
985  0.000 -0.200  0.525  0.354 -28.815  4.288
986  0.000 -0.223  0.526  0.279 -28.804  2.462
987  0.000 -0.240  0.527  0.274 -28.798  1.293
988  0.000 -0.255  0.528  0.260 -28.796  0.163
989  0.000 -0.265  0.529  0.198 -28.802 -1.969
990  0.000 -0.274  0.529  0.166 -28.813 -2.830
991  0.000 -0.280  0.530  0.169 -28.827 -3.749
992  0.000 -0.285  0.531  0.133 -28.842 -4.734
993  0.000 -0.289  0.531  0.118 -28.864 -5.634
994  0.000 -0.292  0.532  0.103 -28.888 -6.226
995  0.000 -0.294  0.532  0.109 -28.914 -6.664
996  0.000 -0.295  0.532  0.115 -28.939 -6.307
997  0.000 -0.296  0.533  0.120 -28.965 -6.667
998  0.000 -0.297  0.533  0.115 -28.993 -7.183
999  0.000 -0.298  0.534  0.118 -29.022 -7.347
1000  0.027 -0.217  0.534  0.118 -29.053 -8.104
1001  0.064 -0.104  0.535  0.127 -29.085 -8.312
1002  0.104  0.014  0.535  0.164 -29.114 -6.931
1003  0.141  0.125  0.536  0.164 -29.140 -6.457
1004  0.173  0.222  0.536  0.163 -29.162 -5.496
1005  0.201  0.303  0.537  0.188 -29.179 -4.370
1006  0.223  0.370  0.538  0.209 -29.191 -2.247
1007  0.241  0.423  0.539  0.265 -29.194 -0.318
1008  0.255  0.465  0.540  0.327 -29.186  2.516
1009  0.266  0.498  0.542  0.416 -29.165  6.108
1010  0.274  0.523  0.544  0.546 -29.129  10.064
1011  0.280  0.542  0.546  0.652 -29.079  13.436
1012  0.285  0.557  0.549  0.595 -29.026  13.161
1013  0.289  0.568  0.550  0.438 -28.984  10.765
1014  0.292  0.576  0.552  0.525 -28.933  13.952
1015  0.294  0.582  0.555  0.612 -28.868  17.101
1016  0.295  0.587  0.557  0.640 -28.799  18.071
1017  0.296  0.590  0.559  0.491 -28.736  15.639
1018  0.297  0.593  0.561  0.452 -28.678  15.284
1019  0.298  0.594  0.563  0.499 -28.612  17.445
1020  0.258  0.596  0.565  0.532 -28.539  18.740
1021  0.201  0.597  0.567  0.453 -28.472  16.665
1022  0.142  0.598  0.568  0.476 -28.398  19.815
1023  0.087  0.598  0.570  0.421 -28.325  18.539
1024  0.038  0.598  0.572  0.379 -28.254  18.652
1025 -0.002  0.599  0.573  0.356 -28.175  20.836
1026 -0.035  0.599  0.574  0.297 -28.095  20.639
1027 -0.061  0.599  0.575  0.307 -28.011  21.653
1028 -0.082  0.599  0.576  0.211 -27.913  25.225
1029 -0.099  0.599  0.577  0.287 -27.820  23.782
1030 -0.111  0.599  0.578  0.205 -27.728  24.024
1031 -0.121  0.599  0.579  0.212 -27.631  25.361
1032 -0.128  0.599  0.580  0.189 -27.530  24.341
1033 -0.134  0.599  0.580  0.189 -27.436  23.954
1034 -0.138  0.599  0.581  0.161 -27.342  24.480
1035 -0.141  0.599  0.582  0.165 -27.237  28.304
1036 -0.143  0.599  0.582  0.189 -27.127  28.235
1037 -0.145  0.599  0.583  0.133 -27.027  25.601
1038 -0.146  0.599  0.583  0.116 -26.929  25.544
1039 -0.147  0.599  0.584  0.123 -26.825  27.215
1040 -0.148  0.491  0.584  0.118 -26.723  26.610
1041 -0.148  0.340  0.585  0.066 -26.621  25.813
1042 -0.149  0.182  0.585  0.065 -26.523  25.461
1043 -0.149  0.033  0.585  0.079 -26.427  24.725
1044 -0.149 -0.095  0.586  0.075 -26.336  22.399
1045 -0.149 -0.204  0.586  0.028 -26.253  20.735
1046 -0.149 -0.293  0.586 -0.031 -26.184  16.847
1047 -0.149 -0.364  0.586 -0.042 -26.125  14.060
1048 -0.149 -0.420  0.585 -0.133 -26.085  8.755
1049 -0.149 -0.464  0.584 -0.363 -26.073  1.896
1050 -0.149 -0.497  0.582 -0.536 -26.084 -3.878
1051 -0.149 -0.523  0.580 -0.566 -26.108 -6.680
1052 -0.149 -0.543  0.577 -0.686 -26.151 -12.130
1053 -0.149 -0.557  0.574 -0.729 -26.210 -14.943
1054 -0.149 -0.568  0.572 -0.551 -26.257 -12.083
1055 -0.149 -0.576  0.570 -0.590 -26.307 -15.290
1056 -0.149 -0.582  0.568 -0.699 -26.384 -20.361
1057 -0.149 -0.587  0.565 -0.498 -26.449 -15.902
1058 -0.149 -0.590  0.563 -0.538 -26.518 -18.374
1059 -0.149 -0.593  0.561 -0.526 -26.596 -20.057
1060 -0.109 -0.487  0.560 -0.398 -26.664 -17.148
1061 -0.052 -0.337  0.558 -0.520 -26.746 -21.729
1062  0.006 -0.179  0.556 -0.456 -26.831 -21.260
1063  0.062 -0.031  0.556 -0.006 -26.882 -9.648
1064  0.110  0.097  0.556  0.184 -26.903 -5.439
1065  0.151  0.205  0.557  0.198 -26.922 -4.653
1066  0.185  0.294  0.558  0.197 -26.938 -4.013
1067  0.211  0.365  0.559  0.219 -26.949 -2.706
1068  0.232  0.421  0.560  0.250 -26.953 -0.386
1069  0.249  0.464  0.561  0.287 -26.948  1.740
1070  0.261  0.498  0.562  0.388 -26.932  4.666
1071  0.271  0.523  0.564  0.494 -26.902  8.214
1072  0.278  0.543  0.566  0.578 -26.862  11.042
1073  0.284  0.557  0.569  0.645 -26.810  13.804
1074  0.288  0.568  0.571  0.653 -26.753  14.934
1075  0.291  0.576  0.573  0.521 -26.704  12.544
1076  0.293  0.582  0.575  0.530 -26.653  13.299
1077  0.295  0.587  0.578  0.563 -26.594  16.027
1078  0.296  0.590  0.580  0.570 -26.529  16.461
1079  0.297  0.593  0.582  0.524 -26.468  16.321
1080  0.257  0.568  0.584  0.556 -26.400  18.138
1081  0.201  0.531  0.586  0.447 -26.338  15.771
1082  0.142  0.492  0.587  0.398 -26.277  16.253
1083  0.086  0.456  0.589  0.408 -26.210  17.809
1084  0.038  0.424  0.590  0.359 -26.147  15.760
1085 -0.002  0.397  0.591  0.333 -26.078  17.706
1086 -0.035  0.375  0.593  0.317 -26.003  18.567
1087 -0.061  0.358  0.594  0.323 -25.935  17.369
1088 -0.082  0.344  0.595  0.312 -25.862  18.704
1089 -0.099  0.333  0.596  0.292 -25.791  17.741
1090 -0.111  0.325  0.597  0.254 -25.722  17.986
1091 -0.121  0.318  0.598  0.259 -25.652  17.757
1092 -0.128  0.314  0.599  0.218 -25.581  18.183
1093 -0.134  0.310  0.600  0.171 -25.510  18.692
1094 -0.138  0.307  0.600  0.142 -25.438  19.230
1095 -0.141  0.305  0.601  0.119 -25.362  19.731
1096 -0.143  0.304  0.601  0.118 -25.289  19.030
1097 -0.145  0.303  0.602  0.080 -25.215  19.346
1098 -0.146  0.302  0.602  0.090 -25.141  19.304
1099 -0.147  0.301  0.602  0.058 -25.067  19.364
1100 -0.134  0.301  0.603  0.070 -24.992  19.569
1101 -0.116  0.300  0.603  0.050 -24.917  19.584
1102 -0.096  0.300  0.603  0.041 -24.841  19.164
1103 -0.078  0.300  0.603  0.017 -24.766  18.695
1104 -0.062  0.300  0.603  0.002 -24.692  19.304
1105 -0.049  0.300  0.603  0.046 -24.616  18.947
1106 -0.038  0.300  0.603  0.069 -24.541  19.315
1107 -0.029  0.300  0.604  0.073 -24.465  18.840
1108 -0.022  0.300  0.604  0.110 -24.390  19.537
1109 -0.016  0.300  0.604  0.096 -24.315  19.583
1110 -0.012  0.300  0.605  0.092 -24.240  19.579
1111 -0.009  0.300  0.605  0.072 -24.165  19.008
1112 -0.007  0.300  0.606  0.103 -24.088  20.005
1113 -0.005  0.300  0.606  0.117 -24.011  20.041
1114 -0.003  0.300  0.606  0.099 -23.934  19.927
1115 -0.002  0.300  0.607  0.158 -23.854  20.526
1116 -0.002  0.300  0.608  0.131 -23.776  19.470
1117 -0.001  0.300  0.608  0.140 -23.699  19.775
1118 -0.001  0.300  0.609  0.136 -23.632  19.307
1119 -0.000  0.300  0.609  0.132 -23.555  19.257
1120  0.026  0.273  0.610  0.147 -23.477  19.920
1121  0.064  0.235  0.610  0.141 -23.401  19.558
1122  0.104  0.195  0.611  0.183 -23.324  20.072
1123  0.141  0.158  0.612  0.186 -23.250  18.489
1124  0.173  0.126  0.612  0.235 -23.177  18.139
1125  0.201  0.098  0.613  0.246 -23.107  17.865
1126  0.223  0.076  0.614  0.282 -23.039  17.651
1127  0.241  0.058  0.616  0.334 -22.974  17.093
1128  0.255  0.044  0.617  0.369 -22.912  15.975
1129  0.266  0.033  0.618  0.377 -22.855  14.863
1130  0.274  0.025  0.620  0.382 -22.801  13.253
1131  0.280  0.019  0.622  0.465 -22.751  13.094
1132  0.285  0.014  0.624  0.485 -22.704  12.234
1133  0.289  0.010  0.625  0.490 -22.658  11.777
1134  0.292  0.007  0.627  0.533 -22.618  10.653
1135  0.294  0.005  0.630  0.555 -22.579  10.124
1136  0.295  0.004  0.632  0.566 -22.542  9.214
1137  0.296  0.003  0.634  0.589 -22.509  8.207
1138  0.297  0.002  0.637  0.636 -22.478  8.492
1139  0.298  0.001  0.639  0.639 -22.448  7.136
1140  0.285  0.028  0.642  0.681 -22.421  7.034
1141  0.266  0.065  0.644  0.708 -22.394  6.832
1142  0.247  0.105  0.647  0.703 -22.370  5.794
1143  0.228  0.142  0.650  0.693 -22.347  6.180
1144  0.212  0.174  0.653  0.734 -22.324  6.040
1145  0.199  0.201  0.655  0.709 -22.301  6.068
1146  0.188  0.223  0.658  0.686 -22.277  6.249
1147  0.179  0.241  0.661  0.673 -22.253  6.480
1148  0.172  0.255  0.663  0.680 -22.227  7.374
1149  0.166  0.266  0.666  0.683 -22.199  7.180
1150  0.162  0.274  0.669  0.667 -22.169  8.146
1151  0.159  0.280  0.671  0.653 -22.138  7.972
1152  0.157  0.285  0.674  0.628 -22.107  8.370
1153  0.155  0.289  0.676  0.616 -22.074  8.942
1154  0.153  0.292  0.678  0.614 -22.039  9.135
1155  0.152  0.294  0.681  0.591 -22.004  9.179
1156  0.152  0.295  0.683  0.546 -21.970  8.619
1157  0.151  0.296  0.685  0.589 -21.931  10.085
1158  0.151  0.297  0.687  0.567 -21.893  9.804
1159  0.150  0.298  0.689  0.530 -21.855  9.725
1160  0.137  0.271  0.691  0.533 -21.816  10.603
1161  0.118  0.234  0.693  0.528 -21.775  10.455
1162  0.098  0.194  0.695  0.501 -21.737  9.867
1163  0.079  0.157  0.697  0.481 -21.700  9.809
1164  0.063  0.125  0.699  0.472 -21.663  9.987
1165  0.049  0.098  0.701  0.460 -21.628  8.839
1166  0.038  0.076  0.703  0.447 -21.593  8.739
1167  0.029  0.058  0.704  0.446 -21.561  8.483
1168  0.022  0.044  0.706  0.413 -21.532  7.441
1169  0.016  0.033  0.707  0.379 -21.505  6.945
1170  0.012  0.025  0.709  0.346 -21.482  5.826
1171  0.009  0.019  0.710  0.331 -21.461  5.112
1172  0.007  0.014  0.711  0.311 -21.441  5.192
1173  0.005  0.010  0.712  0.284 -21.424  4.431
1174  0.003  0.007  0.713  0.236 -21.408  3.774
1175  0.002  0.005  0.714  0.235 -21.394  3.625
1176  0.002  0.004  0.715  0.213 -21.382  2.902
1177  0.001  0.003  0.716  0.171 -21.371  2.854
1178  0.001  0.002  0.717  0.165 -21.363  1.941
1179  0.000  0.001  0.717  0.129 -21.356  1.710
1180  0.027  0.001  0.717  0.118 -21.351  1.477
1181  0.065  0.000  0.718  0.095 -21.348  0.656
1182  0.104  0.000  0.718  0.094 -21.345  0.570
1183  0.141  0.000  0.719  0.072 -21.344  0.232
1184  0.174  0.000  0.719  0.080 -21.344  0.025
1185  0.201  0.000  0.719  0.093 -21.345 -0.018
1186  0.223  0.000  0.720  0.104 -21.346 -0.557
1187  0.241  0.000  0.720  0.115 -21.348 -0.568
1188  0.255  0.000  0.721  0.160 -21.350 -0.352
1189  0.266  0.000  0.721  0.165 -21.353 -0.564
1190  0.274  0.000  0.722  0.206 -21.355 -0.587
1191  0.280  0.000  0.723  0.227 -21.357 -0.562
1192  0.285  0.000  0.724  0.236 -21.360 -1.056
1193  0.289  0.000  0.725  0.277 -21.364 -1.158
1194  0.292  0.000  0.726  0.312 -21.367 -0.820
1195  0.294  0.000  0.728  0.370 -21.369 -0.054
1196  0.295  0.000  0.729  0.383 -21.368  0.210
1197  0.296  0.000  0.731  0.422 -21.368  0.015
1198  0.297  0.000  0.733  0.414 -21.369 -0.638
1199  0.298  0.000  0.734  0.448 -21.372 -0.921
1200  0.298  0.054  0.736  0.448 -21.377 -1.665
1201  0.299  0.129  0.738  0.470 -21.382 -1.171
1202  0.299  0.208  0.740  0.507 -21.384 -0.363
1203  0.299  0.283  0.742  0.528 -21.382  0.567
1204  0.299  0.347  0.744  0.565 -21.375  2.522
1205  0.299  0.402  0.746  0.625 -21.359  4.528
1206  0.299  0.446  0.749  0.697 -21.334  7.105
1207  0.299  0.482  0.752  0.646 -21.305  7.408
1208  0.299  0.510  0.754  0.756 -21.265  11.256
1209  0.299  0.532  0.757  0.775 -21.218  12.349
1210  0.299  0.548  0.760  0.645 -21.178  10.426
1211  0.299  0.561  0.763  0.711 -21.130  13.497
1212  0.299  0.571  0.765  0.684 -21.075  14.061
1213  0.299  0.578  0.768  0.601 -21.029  11.927
1214  0.299  0.584  0.770  0.691 -20.971  16.017
1215  0.299  0.588  0.773  0.615 -20.915  14.344
1216  0.299  0.591  0.775  0.626 -20.856  15.660
1217  0.299  0.593  0.778  0.645 -20.794  16.469
1218  0.299  0.595  0.780  0.725 -20.722  19.661
1219  0.299  0.596  0.783  0.697 -20.648  19.478
1220  0.245  0.516  0.785  0.506 -20.588  15.305
1221  0.170  0.403  0.787  0.659 -20.517  19.202
1222  0.091  0.285  0.790  0.702 -20.439  20.491
1223  0.016  0.174  0.792  0.519 -20.372  15.478
1224 -0.047  0.077  0.794  0.366 -20.324  12.024
1225 -0.102 -0.004  0.795  0.350 -20.280  11.198
1226 -0.146 -0.070  0.796  0.289 -20.241  9.512
1227 -0.182 -0.123  0.797  0.259 -20.207  8.600
1228 -0.210 -0.165  0.798  0.132 -20.182  5.547
1229 -0.232 -0.198  0.798  0.015 -20.171  2.197
1230 -0.248 -0.223  0.798 -0.139 -20.175 -1.853
1231 -0.261 -0.242  0.797 -0.300 -20.196 -5.867
1232 -0.271 -0.257  0.795 -0.377 -20.226 -8.224
1233 -0.278 -0.268  0.793 -0.543 -20.271 -12.457
1234 -0.284 -0.276  0.791 -0.632 -20.327 -15.009
1235 -0.288 -0.282  0.789 -0.506 -20.375 -11.497
1236 -0.291 -0.287  0.787 -0.521 -20.421 -12.026
1237 -0.293 -0.290  0.784 -0.664 -20.479 -15.947
1238 -0.295 -0.293  0.782 -0.681 -20.543 -16.170
1239 -0.296 -0.294  0.779 -0.545 -20.595 -13.070
1240 -0.243 -0.296  0.778 -0.437 -20.636 -10.261
1241 -0.168 -0.297  0.776 -0.435 -20.674 -9.689
1242 -0.089 -0.298  0.774 -0.474 -20.716 -11.126
1243 -0.015 -0.298  0.773 -0.462 -20.754 -11.571
1244  0.048 -0.298  0.771 -0.269 -20.786 -7.468
1245  0.102 -0.299  0.771 -0.150 -20.808 -5.712
1246  0.147 -0.299  0.770 -0.078 -20.827 -5.131
1247  0.182 -0.299  0.770 -0.056 -20.848 -5.475
1248  0.210 -0.299  0.770 -0.015 -20.869 -5.822
1249  0.232 -0.299  0.770  0.031 -20.894 -6.605